#  123456789 -filetype Rcross.out
-n    120
-p    134
-cross SF2
-traits    1
-Names of traits...
1 T264
-otraits    0
-s
1 1
       2 2 2 1 1 1 2 2 1 1 1 1 1
       1 0 0 -1 0 0
       2 2 2 2 2 2
       0 1 0 1
       0 0 1 1 1 1 1 -1 1 1 1 2 2
       0 0 1 1 1 1 1 1 1 2 2 2 2
       2 2 1 1 1 1
       1 1 1 1 2 2
       2 2 1 1 1 1 1
       1 1 2 2 2
       1 1 1 0 0 1
       2 2 2 2 2 2
       12 -1 1 1 1 0 0 0 0 0 0 0
       2 2 1 1
       0 1 1 1 1 1 1 1
       0 0 0 0
       1 1 1 1
       2 2 2 2
       1 1 1 12
       1 1
        118.317
2 1
       -1 2 2 2 1 1 1 1 1 1 1 1 1
       2 2 1 -1 1 0
       2 2 2 1 1 1
       1 1 1 1
       1 1 1 1 1 1 1 -1 1 1 2 2 2
       0 0 0 0 0 0 0 0 0 1 1 1 1
       1 2 2 2 2 2
       1 1 1 2 2 2
       1 0 0 1 1 1 1
       0 0 0 0 0
       0 0 0 0 0 0
       0 0 1 2 2 1
       0 0 1 1 1 1 -1 1 1 1 1 1
       0 2 2 2
       2 1 1 1 1 1 1 1
       1 1 1 0
       1 1 1 1
       2 2 1 1
       0 1 1 12
       1 1
        264
3 1
       -1 1 1 1 1 1 1 1 2 2 2 2 2
       1 1 1 -1 -1 1
       1 1 1 1 2 2
       0 0 1 1
       0 0 0 0 1 1 1 -1 1 1 1 1 0
       1 1 1 1 2 2 2 2 2 2 2 2 2
       0 0 0 0 0 0
       1 1 1 2 1 1
       2 2 2 2 2 2 2
       1 0 0 0 0
       1 1 1 1 1 1
       2 2 1 1 1 2
       0 0 0 0 0 0 0 1 1 1 1 1
       2 2 2 1
       2 2 2 2 2 2 2 2
       2 2 2 2
       0 0 0 0
       1 1 2 2
       1 1 0 0
       1 1
        194.917
4 1
       2 2 1 1 1 1 2 2 2 2 2 2 2
       0 -1 0 -1 1 1
       2 1 1 1 1 1
       1 1 1 1
       -1 1 0 0 0 0 0 -1 0 0 0 0 0
       1 1 1 1 1 1 1 1 1 1 2 2 2
       2 2 2 2 2 1
       2 2 2 2 2 1
       1 1 1 1 1 1 1
       0 1 2 1 1
       2 2 2 2 2 1
       0 0 1 0 0 0
       12 1 1 1 1 1 1 1 1 1 1 1
       1 0 0 1
       1 2 1 1 1 1 0 0
       0 1 1 2
       0 1 1 2
       0 0 0 0
       2 1 1 12
       1 0
        264
5 1
       1 1 1 1 2 1 1 1 1 1 1 1 1
       2 1 1 -1 -1 1
       2 0 0 0 0 0
       0 0 0 1
       -1 0 0 0 0 0 -1 -1 1 1 1 1 1
       0 0 0 0 0 0 -1 1 1 1 1 1 1
       2 1 0 0 1 1
       0 0 0 0 0 1
       2 2 2 1 1 1 1
       0 1 1 1 1
       2 2 2 2 2 1
       0 0 0 0 0 0
       12 1 1 1 1 1 1 1 1 1 1 1
       1 1 1 1
       0 0 0 0 0 0 0 0
       0 2 2 2
       0 0 0 1
       0 0 0 0
       1 0 0 12
       0 0
        145.417
6 1
       1 1 2 2 2 2 2 2 2 2 2 2 2
       1 0 0 0 -1 0
       2 2 2 2 2 2
       1 1 1 1
       0 0 0 0 0 0 1 -1 1 1 1 -1 1
       0 0 0 1 2 2 2 2 2 2 2 2 2
       0 0 0 0 0 0
       1 1 2 2 2 1
       1 1 1 1 1 1 1
       1 1 1 1 1
       1 2 2 2 2 2
       2 2 1 1 1 1
       12 1 -1 1 1 1 1 1 1 1 1 1
       0 0 0 0
       1 1 2 2 2 2 2 2
       1 1 1 1
       1 1 1 2
       1 1 1 1
       0 0 0 12
       0 1
        177.233
7 1
       1 1 1 1 0 0 0 0 1 1 1 1 1
       2 2 2 2 -1 1
       2 1 1 1 1 1
       1 1 1 1
       1 0 0 0 0 0 0 -1 0 0 0 -1 1
       1 1 1 1 1 1 1 2 2 2 2 2 2
       0 0 0 1 1 1
       2 2 2 2 2 2
       2 2 2 0 0 0 0
       1 1 1 1 1
       0 0 0 1 1 2
       2 1 0 0 0 0
       12 1 2 2 2 2 2 2 2 2 2 2
       0 1 1 1
       0 0 0 0 0 0 0 -1
       2 1 1 1
       1 0 0 1
       1 1 2 2
       2 2 0 0
       1 1
        264
8 1
       1 1 1 1 0 0 0 0 1 1 1 1 1
       1 1 0 -1 0 0
       1 2 1 1 1 1
       1 -1 1 2
       2 2 2 2 2 2 2 -1 2 2 1 1 1
       0 0 0 0 1 1 -1 2 2 2 2 2 2
       1 1 1 1 1 2
       0 0 1 1 1 1
       2 2 2 2 2 2 1
       0 0 -1 0 0
       1 2 1 2 2 1
       0 1 1 1 1 1
       12 1 1 0 0 0 -1 0 0 -1 0 1
       1 2 1 1
       2 2 2 2 1 1 1 1
       2 2 2 2
       1 1 1 1
       0 0 -1 1
       1 1 1 12
       0 -1
        76.667
9 1
       0 0 1 2 2 2 1 1 1 1 1 -1 1
       0 1 1 1 1 2
       0 1 1 0 0 0
       1 1 1 2
       1 1 1 1 0 0 0 -1 0 0 0 -1 1
       1 1 1 1 2 2 2 1 1 1 1 1 1
       2 2 2 2 2 1
       2 2 -1 2 2 0
       1 1 1 0 0 0 0
       1 2 2 2 2
       2 2 1 1 1 1
       0 0 1 1 1 1
       0 0 0 0 0 0 0 0 0 0 0 0
       2 2 2 2
       1 0 0 0 0 0 0 0
       1 2 2 2
       0 0 1 1
       2 2 -1 2
       1 1 1 0
       0 1
        90.75
10 1
       2 2 1 1 0 0 0 0 0 0 0 0 0
       0 0 1 1 1 1
       0 1 1 1 1 0
       2 1 1 1
       1 1 1 1 1 1 1 -1 1 1 1 1 1
       1 1 1 1 1 1 1 1 0 0 0 0 0
       1 0 0 0 1 1
       2 2 2 1 1 1
       2 2 2 2 2 1 0
       0 1 1 1 1
       0 1 1 1 1 2
       0 -1 0 0 0 0
       12 1 1 1 1 1 1 1 1 1 1 1
       0 1 2 1
       1 1 1 1 1 1 1 1
       2 2 2 1
       0 0 0 0
       0 0 0 0
       1 2 2 12
       1 0
        76.167
11 1
       0 1 1 1 1 1 1 1 1 1 1 -1 1
       0 0 2 2 2 2
       1 0 0 1 1 1
       1 1 1 2
       1 1 1 1 1 1 1 -1 1 1 1 2 2
       1 1 1 1 1 1 0 0 0 0 0 0 0
       1 0 1 1 1 -1
       0 0 0 0 0 0
       1 1 2 2 2 2 2
       0 1 1 1 0
       0 1 1 1 1 1
       0 0 0 1 1 2
       12 1 1 1 1 1 1 1 1 1 1 1
       2 1 1 1
       0 0 0 0 0 0 0 1
       2 2 2 1
       1 2 2 2
       0 0 0 0
       2 1 1 12
       0 1
        104.083
12 1
       0 0 1 1 1 1 1 1 1 1 1 1 1
       2 2 1 1 1 1
       0 1 2 1 1 1
       1 1 2 2
       2 2 2 2 2 2 2 -1 2 2 2 2 2
       1 1 1 1 1 1 1 1 1 1 1 1 1
       1 1 1 -1 1 1
       1 1 1 2 2 1
       0 0 0 0 0 0 0
       2 2 2 2 2
       2 2 2 2 2 1
       1 0 0 0 0 1
       0 -1 0 0 0 0 0 1 1 -1 1 1
       2 2 2 2
       1 1 1 1 1 1 1 1
       2 2 2 1
       1 1 1 1
       1 1 1 1
       0 0 1 12
       1 1
        194.5
13 1
       0 0 1 1 1 1 2 2 2 2 2 -1 2
       1 1 1 1 1 1
       0 0 0 0 0 0
       1 1 1 0
       1 1 1 1 1 1 1 -1 1 1 1 -1 1
       2 1 1 1 1 1 1 1 1 1 1 1 1
       0 1 1 1 1 1
       1 1 1 1 1 1
       1 1 1 0 0 0 0
       1 0 1 1 1
       0 0 0 0 0 1
       0 0 0 -1 0 1
       12 1 0 0 0 0 0 0 0 1 1 1
       2 2 2 2
       0 0 0 0 0 1 1 1
       2 1 1 1
       1 1 1 1
       1 1 1 1
       0 0 0 0
       1 1
        75.917
14 1
       1 1 0 0 0 0 0 0 0 0 0 0 0
       1 2 2 1 -1 1
       2 1 1 1 2 1
       1 1 1 1
       2 2 2 2 2 2 2 -1 2 2 2 -1 1
       1 2 2 2 2 2 2 2 2 2 2 2 2
       2 2 1 -1 1 1
       0 0 0 0 0 1
       2 2 2 2 2 2 1
       2 1 1 1 1
       2 1 1 1 1 0
       1 1 1 1 1 2
       12 2 2 2 2 2 2 2 2 2 2 2
       1 1 1 1
       1 2 2 2 2 2 2 2
       1 0 0 0
       2 2 2 2
       0 0 -1 1
       1 2 -1 12
       0 1
        75.833
15 1
       0 0 1 1 1 1 1 1 1 1 1 1 1
       1 1 0 0 1 1
       2 2 2 2 2 2
       1 1 2 2
       0 0 1 1 1 1 1 -1 1 1 1 1 1
       1 1 1 0 0 0 0 0 0 0 0 0 0
       0 1 1 1 2 1
       1 1 1 0 0 0
       1 1 0 0 0 0 0
       1 0 0 0 2
       1 0 0 1 0 0
       1 1 1 1 1 1
       12 1 0 0 0 0 0 0 0 1 1 1
       0 0 1 1
       -1 -1 0 0 0 0 0 -1
       1 1 1 1
       1 1 1 1
       2 2 2 2
       1 1 1 0
       0 0
        90.25
16 1
       1 1 2 2 2 2 1 1 1 1 1 0 0
       2 2 1 1 0 0
       1 -1 1 1 1 1
       2 2 2 2
       1 2 2 2 2 2 2 -1 2 2 2 2 1
       1 1 1 1 1 2 -1 2 2 2 2 2 2
       2 2 2 2 2 2
       2 2 2 2 2 1
       1 1 1 1 1 1 1
       1 1 1 2 2
       1 1 2 1 1 2
       1 1 1 1 1 1
       0 0 0 0 0 1 1 1 1 1 1 1
       2 0 0 1
       -1 0 0 0 0 0 0 0
       2 2 2 1
       2 2 1 1
       2 -1 -1 2
       2 2 2 12
       0 0
        103.667
17 1
       0 0 0 0 0 0 1 1 1 1 1 1 1
       1 2 1 -1 1 1
       2 -1 0 0 0 0
       2 1 1 1
       1 1 1 1 2 2 2 -1 2 2 2 2 2
       1 1 2 2 2 2 2 2 2 1 1 1 1
       0 1 1 1 2 1
       2 2 2 2 2 1
       2 2 1 1 1 0 0
       0 0 0 0 1
       0 0 0 0 0 2
       0 0 0 0 0 0
       12 2 2 2 2 2 2 2 2 2 2 2
       0 0 0 1
       1 0 0 0 0 0 0 -1
       2 1 1 0
       0 0 0 0
       0 -1 -1 0
       1 -1 0 0
       0 1
        128.4
18 1
       2 2 1 1 -1 1 1 1 1 1 1 2 2
       2 2 1 1 1 2
       0 0 0 1 1 1
       0 1 1 1
       1 1 1 1 1 1 1 -1 1 1 1 1 1
       0 0 0 0 1 1 1 1 1 1 1 1 1
       1 1 1 2 2 2
       1 0 0 0 -1 0
       0 0 0 1 1 2 2
       2 2 0 0 0
       1 1 -1 1 1 1
       0 0 0 1 1 1
       12 2 2 2 2 2 2 2 2 -1 2 2
       1 1 1 1
       1 1 1 1 1 1 1 1
       0 0 0 0
       0 1 1 1
       1 1 -1 2
       1 -1 1 0
       0 0
        122.25
19 1
       1 1 0 1 1 1 2 2 2 2 2 -1 2
       1 1 0 0 0 1
       0 0 1 0 1 0
       0 -1 1 0
       0 0 0 0 0 0 0 -1 0 0 0 -1 0
       1 1 0 1 1 1 1 1 1 1 2 2 2
       1 1 1 1 0 0
       2 2 2 1 1 0
       0 0 0 1 1 1 1
       1 2 2 2 2
       2 2 1 1 1 1
       1 1 1 1 1 0
       12 2 2 2 2 2 2 1 1 1 1 1
       0 1 1 2
       1 0 0 0 0 0 0 -1
       1 2 2 2
       2 2 -1 1
       1 1 -1 1
       2 2 2 -1
       0 1
        264
20 1
       1 1 1 1 0 0 0 0 0 0 -1 1 1
       1 1 1 0 0 0
       0 0 0 0 -1 0
       0 1 1 1
       2 1 1 1 1 1 1 -1 1 0 0 0 0
       2 2 2 2 1 1 1 1 1 1 1 1 1
       1 1 2 2 1 1
       2 2 2 1 1 -1
       1 1 1 1 1 0 0
       1 2 2 2 1
       1 2 2 2 2 2
       2 2 2 2 1 -1
       12 1 1 1 1 0 0 0 0 0 0 0
       2 1 0 0
       2 2 2 2 2 2 1 1
       1 1 0 0
       1 1 1 2
       0 0 -1 0
       2 2 2 12
       0 1
        72.6
21 1
       1 1 1 0 0 0 0 0 1 1 1 1 1
       1 1 0 0 0 2
       2 1 1 1 1 1
       1 1 1 1
       1 1 0 0 0 0 0 -1 0 0 0 -1 0
       2 1 1 1 1 1 1 1 1 1 1 1 1
       1 1 0 0 0 1
       0 0 0 1 1 2
       1 1 1 0 0 0 0
       1 1 1 1 1
       0 0 1 1 1 1
       0 0 0 0 2 2
       12 1 1 1 1 1 1 1 1 1 1 1
       2 1 0 0
       2 2 2 2 1 1 1 1
       1 1 0 0
       2 2 2 1
       1 1 -1 1
       1 1 1 12
       1 0
        264
22 1
       2 2 1 1 1 1 1 1 1 1 1 -1 1
       1 1 1 1 0 0
       1 2 2 2 1 1
       2 2 2 2
       0 0 1 1 1 1 1 -1 1 1 1 -1 2
       1 1 1 1 2 2 2 2 2 2 2 2 2
       1 1 1 0 0 0
       1 1 2 2 2 2
       0 0 0 1 2 2 2
       0 0 0 0 0
       1 1 2 2 2 2
       2 2 1 1 1 1
       12 1 -1 1 1 1 1 1 1 1 1 0
       1 0 0 1
       1 1 1 1 1 1 1 1
       0 0 1 1
       1 1 1 -1
       1 -1 -1 1
       0 0 0 0
       1 0
        264
23 1
       0 0 0 0 0 0 1 1 2 2 2 2 2
       -1 0 0 0 0 1
       0 1 1 0 0 0
       2 2 2 1
       0 0 0 0 0 0 0 -1 0 1 1 1 0
       1 1 1 1 1 1 1 1 1 1 1 1 1
       0 1 2 2 2 1
       0 0 1 1 1 1
       1 1 1 1 1 1 1
       1 1 1 -1 0
       1 1 1 1 1 1
       0 0 0 0 1 1
       12 -1 1 1 1 1 1 1 1 1 1 1
       0 0 0 0
       1 0 0 0 0 0 0 0
       0 0 0 1
       1 1 1 1
       0 0 -1 0
       0 0 1 12
       0 0
        264
24 1
       1 1 1 -1 1 1 1 1 1 1 1 1 0
       1 1 2 2 2 0
       1 1 1 1 2 2
       1 1 0 2
       -1 2 2 2 2 2 2 -1 2 1 1 1 1
       0 0 0 0 0 0 0 0 0 0 0 0 0
       2 1 1 -1 1 0
       1 1 1 1 1 1
       1 1 1 1 1 1 1
       1 0 1 1 2
       2 2 2 2 2 2
       1 1 1 1 1 1
       12 -1 1 1 1 0 0 0 0 0 0 0
       1 1 1 1
       2 2 2 2 2 2 2 2
       0 0 0 0
       1 1 1 2
       0 0 -1 0
       1 1 1 12
       1 1
        81.717
25 1
       -1 1 1 1 1 1 2 2 2 2 2 2 2
       1 0 0 -1 1 1
       0 0 0 0 0 0
       1 1 1 1
       2 -1 2 2 1 1 1 1 1 0 0 0 0
       2 2 1 1 1 1 1 1 1 1 1 1 1
       1 1 1 1 2 -1
       0 0 0 0 1 2
       1 1 1 1 1 1 1
       0 0 0 1 1
       1 1 1 2 2 1
       1 1 1 1 2 2
       2 2 2 2 2 2 1 1 1 1 1 1
       1 1 1 1
       1 1 1 1 1 1 2 2
       1 1 2 2
       1 1 1 2
       1 1 -1 2
       1 2 1 12
       0 0
        264
26 1
       -1 1 2 1 1 1 1 1 1 1 1 1 1
       0 2 2 -1 1 0
       1 1 1 1 1 1
       1 1 2 2
       2 2 1 1 1 1 1 1 1 1 1 1 0
       2 2 1 1 1 1 -1 1 1 1 -1 1 1
       1 0 2 2 1 -1
       1 1 1 0 0 1
       1 1 1 1 1 1 1
       2 2 2 1 1
       1 1 1 1 1 1
       0 0 0 1 1 1
       2 2 2 2 2 1 1 1 1 1 1 1
       2 1 1 1
       0 1 1 1 1 1 1 1
       2 2 2 2
       1 1 2 1
       1 1 -1 1
       2 2 1 12
       -1 1
        264
27 1
       -1 1 1 1 1 1 1 1 1 1 1 0 0
       1 1 1 -1 1 1
       0 1 1 1 1 1
       0 -1 1 1
       1 1 1 1 1 1 1 1 1 1 1 1 1
       0 0 0 0 1 1 -1 1 1 1 1 1 1
       1 1 1 1 1 2
       1 2 2 2 2 1
       0 0 0 0 0 0 0
       1 1 1 1 1
       1 0 0 0 0 0
       1 1 1 1 1 1
       1 1 1 2 2 2 2 2 2 2 2 2
       2 1 1 1
       2 2 2 2 2 2 2 1
       0 0 0 0
       0 0 0 0
       0 1 -1 1
       1 1 2 12
       0 0
        116.483
28 1
       -1 1 1 0 0 0 0 0 0 0 0 0 0
       1 1 2 -1 0 0
       1 0 0 0 0 1
       1 2 1 1
       2 2 2 2 2 2 2 2 2 2 2 2 2
       0 0 0 0 1 1 -1 1 1 1 1 1 1
       2 1 1 1 0 -1
       2 2 2 2 2 2
       1 2 2 2 2 2 1
       0 0 1 1 1
       1 2 2 2 2 2
       0 0 1 2 2 2
       1 1 1 1 1 1 1 1 1 1 1 1
       2 1 1 1
       1 2 2 2 2 2 2 2
       1 2 2 2
       2 2 2 1
       0 0 -1 0
       2 1 1 12
       1 0
        87.467
29 1
       1 1 1 0 -1 1 1 1 1 1 1 1 1
       -1 0 1 1 1 2
       2 2 2 1 1 1
       0 1 1 0
       0 0 0 0 0 0 0 0 0 0 1 -1 1
       1 1 1 2 2 2 -1 2 2 2 2 2 2
       2 2 2 2 1 1
       2 2 2 2 2 1
       1 1 1 1 1 1 1
       0 1 1 1 2
       1 2 2 2 1 1
       1 0 0 0 1 1
       1 1 1 1 1 1 -1 1 1 1 1 1
       1 1 1 1
       2 1 1 1 1 1 1 2
       1 1 1 1
       1 1 1 0
       0 0 -1 0
       1 1 1 12
       0 1
        264
30 1
       0 0 0 1 1 2 1 1 1 1 1 1 1
       -1 1 1 1 -1 1
       1 2 2 1 1 1
       2 1 2 1
       -1 1 1 1 1 1 1 1 1 1 0 -1 1
       0 1 1 1 1 1 -1 1 1 1 1 1 1
       1 0 0 0 1 1
       0 0 1 1 2 2
       2 1 1 -1 1 1 2
       0 1 1 1 0
       1 1 1 1 1 1
       2 1 1 1 1 1
       0 0 0 0 0 0 0 0 0 0 0 0
       1 1 1 1
       1 1 1 1 1 1 2 2
       0 0 0 1
       1 1 1 2
       1 1 -1 1
       1 1 1 12
       1 1
        .
31 1
       0 0 1 1 1 1 0 0 0 0 0 1 1
       2 2 2 1 1 0
       1 0 0 1 1 1
       1 1 2 1
       1 1 0 0 0 0 0 0 0 0 0 -1 0
       2 1 1 1 1 1 -1 1 1 1 1 -1 1
       2 2 2 2 2 2
       1 1 1 1 1 1
       0 0 0 0 1 1 2
       1 1 0 0 0
       0 0 1 1 1 1
       0 0 0 0 0 0
       0 0 0 0 0 0 0 0 0 0 0 2
       1 1 1 1
       1 1 1 1 1 1 1 1
       0 1 2 2
       1 1 1 2
       0 0 -1 0
       1 1 1 12
       1 1
        74.417
32 1
       0 0 1 1 2 2 1 1 1 1 0 0 0
       -1 1 2 2 2 1
       1 1 1 1 1 1
       1 0 0 1
       0 0 0 0 0 0 0 0 0 0 1 1 1
       1 1 1 1 1 1 -1 2 2 2 2 2 2
       0 0 0 0 1 -1
       2 2 2 1 1 -1
       1 1 1 0 0 0 0
       2 1 1 1 2
       0 -1 1 1 0 0
       2 2 2 2 0 0
       2 2 -1 1 1 1 -1 1 1 0 1 0
       1 2 2 1
       0 0 1 1 1 1 2 1
       1 1 1 1
       0 0 1 1
       0 0 -1 0
       1 1 1 12
       1 1
        264
33 1
       2 2 1 0 0 0 0 0 1 1 1 1 1
       2 2 2 2 1 1
       2 1 1 0 0 0
       1 2 2 2
       1 1 1 1 1 1 1 1 1 1 1 1 2
       2 2 1 1 0 0 0 0 0 0 0 0 0
       2 2 2 2 2 2
       2 2 2 2 2 2
       1 1 1 1 1 1 1
       0 1 -1 1 1
       1 1 2 2 2 2
       1 1 2 2 2 2
       0 0 0 0 0 0 0 0 0 0 0 0
       1 1 1 1
       1 1 1 1 1 1 1 1
       1 1 1 1
       1 1 1 0
       2 2 -1 1
       1 1 1 12
       1 1
        264
34 1
       2 2 2 2 2 2 2 2 2 2 2 2 2
       2 1 1 0 0 1
       0 1 1 1 1 1
       2 -1 1 2
       1 1 1 1 1 1 2 1 2 2 2 2 2
       1 1 1 1 1 1 -1 1 1 0 0 1 1
       1 1 0 0 0 -1
       1 1 1 1 1 -1
       1 2 2 2 2 2 2
       0 0 0 1 1
       1 1 1 1 1 2
       1 1 1 1 1 1
       1 1 -1 1 1 1 1 1 1 1 1 1
       1 1 2 2
       0 0 0 0 0 0 0 0
       0 0 0 0
       1 0 1 1
       1 1 -1 1
       2 1 1 12
       1 1
        174.567
35 1
       2 2 2 2 2 2 2 2 2 2 2 1 -1
       1 1 1 1 0 1
       1 0 1 1 2 2
       1 2 2 2
       2 2 1 1 1 1 1 1 1 1 1 1 1
       1 1 1 1 1 1 1 1 1 1 1 1 1
       1 1 1 1 1 -1
       2 2 -1 2 2 2
       1 2 2 2 2 2 2
       2 1 1 1 1
       1 1 1 1 0 0
       2 2 1 0 1 1
       0 0 0 0 0 0 0 0 0 -1 0 1
       1 1 1 1
       1 1 1 1 1 1 1 1
       1 0 0 0
       2 2 2 2
       2 2 -1 2
       1 0 0 12
       0 1
        88.583
36 1
       1 1 2 2 2 2 2 2 2 2 2 1 -1
       0 1 1 2 2 2
       1 1 1 1 1 1
       1 2 2 1
       1 1 1 1 1 1 1 1 1 1 0 0 0
       2 1 1 1 1 1 1 1 1 1 1 1 1
       1 1 1 1 2 2
       1 1 1 1 1 1
       1 1 1 1 1 1 2
       1 2 2 2 2
       1 1 1 1 1 1
       1 1 1 1 1 -1
       1 1 1 1 1 2 2 2 2 -1 2 2
       1 1 1 1
       2 1 1 1 1 1 1 0
       1 1 1 1
       0 0 0 0
       1 1 -1 1
       1 1 0 0
       0 0
        264
37 1
       1 1 1 1 1 1 1 0 0 0 0 0 -1
       2 1 1 0 0 0
       1 1 1 0 -1 0
       0 0 0 0
       2 2 2 2 2 2 2 2 2 2 2 -1 2
       0 0 0 1 1 1 1 1 1 1 1 1 1
       1 1 2 2 2 2
       2 1 1 1 0 0
       1 1 2 2 2 2 2
       1 1 1 1 1
       2 2 1 1 1 1
       1 1 1 1 1 1
       0 0 -1 0 0 0 0 0 0 -1 0 0
       0 0 0 0
       1 1 0 0 0 0 0 0
       0 1 2 2
       1 1 1 1
       1 1 -1 0
       1 1 1 0
       0 1
        95
38 1
       2 2 2 2 2 2 1 1 1 1 1 1 -1
       0 2 2 -1 2 2
       0 0 0 0 -1 1
       1 1 1 2
       0 1 1 1 1 1 1 1 1 1 1 1 1
       1 2 2 2 2 2 2 2 2 2 2 2 2
       2 2 2 2 2 2
       0 0 0 0 0 1
       1 1 1 1 1 1 1
       1 1 1 2 2
       0 0 1 1 1 1
       0 0 0 0 0 1
       1 1 1 1 1 1 1 1 1 1 1 1
       1 1 1 1
       1 1 1 1 1 1 1 1
       2 2 2 2
       1 1 1 1
       2 2 -1 2
       1 1 1 12
       0 0
        264
39 1
       2 2 1 1 0 0 0 0 0 0 0 0 -1
       1 1 2 2 2 1
       1 1 1 1 -1 0
       1 1 1 1
       0 0 2 2 2 2 2 2 2 2 2 2 2
       0 1 1 1 1 1 1 1 1 1 1 1 1
       2 2 2 2 2 1
       1 1 1 1 1 1
       1 1 1 1 2 2 2
       0 1 1 1 2
       0 0 0 1 1 1
       1 1 1 1 2 2
       2 2 1 1 1 1 1 1 1 -1 0 0
       0 0 0 1
       -1 2 2 2 2 2 2 1
       1 1 1 1
       2 2 2 2
       1 -1 -1 1
       0 0 2 12
       1 1
        86.05
40 1
       1 2 2 2 2 2 2 2 2 2 2 2 2
       0 0 0 0 1 1
       0 -1 1 1 1 1
       1 1 2 1
       2 2 2 2 2 2 2 2 2 2 2 2 2
       1 1 1 1 1 0 0 0 0 0 0 0 0
       1 2 2 0 0 0
       0 0 0 1 1 1
       2 2 2 1 1 1 1
       1 0 0 0 0
       1 1 1 1 1 1
       0 0 1 1 1 2
       0 0 0 0 0 0 0 0 0 -1 0 0
       1 0 0 0
       -1 2 2 2 2 2 2 2
       0 0 0 0
       1 1 1 1
       0 0 -1 0
       1 0 0 0
       0 1
        71.517
41 1
       2 2 2 2 2 2 1 1 1 1 1 -1 1
       1 0 0 0 -1 0
       0 1 1 1 1 1
       1 2 2 1
       2 2 2 2 2 2 2 2 2 2 2 2 2
       1 1 1 1 1 1 1 1 1 1 1 1 1
       1 2 2 2 2 1
       1 1 1 0 0 1
       0 0 0 0 1 1 2
       1 0 0 0 0
       1 2 2 2 2 2
       0 0 0 0 0 0
       2 2 2 2 2 2 2 2 2 2 2 1
       1 -1 1 1
       1 1 1 1 -1 1 1 -1
       0 0 0 1
       0 0 0 0
       0 0 -1 1
       2 -1 1 12
       0 1
        112.767
42 1
       0 0 0 0 0 0 0 0 0 0 1 1 1
       0 0 1 1 1 1
       0 0 1 1 1 1
       2 2 2 2
       1 1 1 1 1 1 1 1 1 1 1 0 0
       2 2 2 2 2 2 2 1 1 1 1 1 1
       1 0 0 0 0 1
       0 0 1 1 1 1
       2 2 2 2 1 1 1
       1 1 1 1 1
       1 1 -1 1 1 1
       1 0 0 0 0 0
       2 2 -1 -1 1 1 1 1 1 -1 1 1
       0 0 0 2
       1 -1 0 0 0 0 0 0
       1 1 1 1
       2 2 2 2
       2 2 -1 2
       2 -1 2 12
       0 0
        264
43 1
       2 2 2 0 0 0 1 1 0 0 0 0 0
       -1 1 1 -1 2 2
       2 1 0 0 0 0
       1 -1 0 1
       0 0 1 1 1 1 1 1 1 1 1 -1 2
       1 1 1 1 1 1 -1 -1 1 1 1 1 1
       0 0 0 0 0 -1
       1 1 1 1 1 -1
       1 1 2 -1 2 0 0
       1 1 0 0 0
       2 2 2 2 2 2
       2 2 1 1 1 -1
       1 1 2 2 2 2 2 2 2 2 2 2
       1 -1 2 2
       1 -1 1 1 1 1 1 2
       2 2 2 1
       1 1 1 1
       2 2 -1 2
       2 2 2 12
       0 1
        264
44 1
       1 1 1 2 2 2 2 2 2 2 2 1 1
       1 1 1 0 0 0
       1 0 0 0 0 1
       1 0 1 2
       1 1 1 1 1 0 0 0 0 0 0 0 0
       2 2 2 2 1 1 0 0 0 0 0 0 0
       1 0 0 0 0 0
       0 0 0 0 0 0
       2 2 2 2 2 2 2
       0 0 1 1 1
       1 1 2 2 2 2
       1 -1 2 2 1 1
       1 1 -1 1 1 1 1 1 1 1 1 2
       1 0 1 1
       0 -1 0 0 1 1 1 2
       2 2 2 2
       1 1 1 -1
       0 0 -1 1
       0 0 0 0
       1 1
        117.817
45 1
       0 0 0 1 1 2 2 2 2 2 2 -1 2
       0 0 -1 -1 0 0
       0 0 0 1 1 2
       1 1 1 1
       2 2 1 1 1 1 1 1 1 1 0 -1 0
       0 0 0 1 1 1 1 1 1 1 1 1 1
       2 2 2 2 2 -1
       2 2 2 2 1 -1
       1 1 1 0 0 0 0
       1 0 0 0 1
       1 1 1 1 1 0
       0 0 1 0 0 0
       1 1 -1 1 1 1 1 1 1 1 1 1
       1 -1 2 2
       0 -1 0 0 0 0 1 1
       0 0 0 0
       0 1 -1 1
       0 -1 -1 0
       0 0 1 12
       1 1
        185.3
46 1
       1 1 0 0 0 0 1 1 1 1 1 1 1
       0 1 0 -1 2 2
       1 1 1 1 1 1
       1 -1 0 0
       2 2 2 2 2 2 2 2 2 2 2 2 2
       1 1 1 1 1 1 -1 1 1 1 1 1 1
       1 1 1 1 2 -1
       1 1 1 1 1 -1
       2 2 2 -1 2 1 1
       0 0 1 1 2
       1 0 0 0 0 1
       2 2 1 1 1 1
       1 1 -1 0 0 0 0 1 1 -1 1 1
       -1 -1 1 1
       0 -1 0 0 0 0 0 -1
       0 0 0 1
       1 0 0 0
       2 2 -1 2
       1 0 0 0
       0 0
        85.367
47 1
       1 1 1 2 2 2 2 2 2 2 2 -1 2
       1 0 2 -1 0 1
       0 1 1 2 2 2
       1 1 1 1
       -1 0 0 0 0 0 0 0 0 0 0 -1 0
       1 1 1 2 2 2 2 2 2 2 2 2 2
       2 1 1 1 1 1
       2 2 2 0 0 0
       2 2 2 -1 2 2 2
       1 1 1 1 1
       1 0 0 0 0 1
       1 1 1 2 1 -1
       1 1 1 1 1 1 1 1 2 1 1 1
       2 -1 0 1
       2 -1 1 1 -1 1 1 1
       2 2 2 2
       1 1 -1 1
       2 2 -1 2
       1 1 1 12
       0 -1
        264
48 1
       1 1 0 0 0 0 0 0 0 0 1 1 1
       1 1 1 -1 2 2
       1 1 0 0 0 0
       0 1 1 1
       -1 0 1 1 1 1 1 1 1 1 1 0 0
       0 0 0 0 0 0 0 0 0 0 0 0 0
       0 0 0 -1 0 0
       1 1 1 0 0 0
       2 2 2 2 2 1 1
       1 1 1 1 1
       2 2 2 1 1 1
       1 1 1 1 1 1
       1 1 0 0 0 0 0 0 0 0 0 0
       1 -1 0 0
       1 -1 1 1 2 2 -1 2
       1 1 1 1
       0 0 0 1
       2 2 -1 1
       1 1 -1 12
       1 -1
        70.883
49 1
       1 1 1 1 1 1 1 1 1 1 1 1 1
       0 1 1 -1 1 1
       1 0 0 0 0 0
       1 1 1 0
       2 2 2 2 2 2 -1 -1 2 2 2 2 2
       1 1 1 1 2 1 -1 1 1 1 1 1 1
       0 -1 0 -1 0 0
       2 2 2 2 1 -1
       0 0 1 1 -1 1 1
       0 0 -1 0 0
       0 0 0 1 1 1
       0 0 0 0 0 0
       12 0 1 1 1 2 2 2 2 2 2 2
       0 1 1 1
       1 1 1 1 1 1 0 0
       1 2 2 2
       0 0 0 0
       1 1 0 0
       1 0 0 0
       0 1
        98.45
50 1
       -1 1 1 0 0 0 0 0 0 0 0 1 1
       0 1 1 -1 0 0
       1 1 1 1 1 1
       2 -1 1 1
       1 1 1 1 1 1 -1 -1 1 2 2 2 1
       1 1 1 1 1 1 1 1 1 1 1 1 1
       1 -1 2 2 2 -1
       2 2 2 2 2 2
       1 1 0 0 -1 0 0
       2 2 1 0 0
       0 0 0 2 2 2
       0 0 0 0 0 0
       12 2 2 2 2 2 2 2 2 2 2 2
       1 1 0 0
       1 1 1 1 1 1 0 0
       0 0 0 0
       2 2 2 1
       1 1 1 1
       2 2 1 12
       0 0
        85.1
51 1
       2 2 2 2 2 2 2 2 2 2 2 2 2
       1 1 1 -1 0 1
       1 1 1 1 1 2
       1 -1 2 2
       2 2 2 2 2 2 2 2 2 2 2 -1 1
       1 1 1 1 1 1 -1 2 2 2 2 2 2
       2 2 2 2 0 0
       1 1 1 0 0 0
       0 0 0 0 -1 1 1
       2 2 1 1 0
       0 -1 0 0 0 1
       2 -1 1 1 1 2
       12 2 2 -1 2 2 2 1 1 1 1 1
       2 2 2 2
       0 0 1 1 1 1 1 2
       0 0 1 1
       1 1 1 1
       1 1 1 1
       0 0 1 12
       0 0
        216.367
52 1
       -1 2 2 2 2 2 1 1 1 1 1 1 1
       0 0 1 -1 2 2
       0 1 1 1 1 2
       2 1 0 0
       1 1 1 1 -1 1 1 1 1 1 0 0 0
       1 1 1 1 1 1 -1 1 1 1 1 1 1
       0 0 0 0 1 1
       1 1 1 1 1 1
       1 1 1 2 -1 2 1
       1 1 1 0 1
       1 1 1 0 0 1
       0 0 0 0 0 0
       0 0 -1 0 0 0 0 0 0 0 0 0
       2 2 1 1
       1 2 2 2 2 2 2 -1
       1 1 1 0
       1 1 2 2
       1 1 2 2
       1 1 0 0
       1 1
        94.65
53 1
       0 -1 1 0 0 0 0 0 0 0 0 0 0
       2 0 0 -1 1 1
       1 2 2 2 2 2
       1 -1 2 2
       2 2 2 2 1 1 1 1 1 1 1 0 0
       0 0 0 0 1 1 -1 1 1 1 2 2 2
       0 1 1 1 0 0
       0 0 1 1 1 -1
       1 1 1 1 -1 2 2
       2 2 2 2 1
       1 2 2 2 2 2
       1 0 0 0 1 1
       12 2 2 2 2 2 2 2 2 2 2 2
       1 1 1 1
       0 1 1 1 1 1 1 2
       2 2 1 1
       1 1 1 1
       0 0 1 2
       0 0 0 0
       1 0
        111.817
54 1
       2 2 2 2 2 2 2 2 2 2 2 2 2
       0 1 1 1 1 0
       2 1 0 1 1 1
       1 1 2 2
       -1 2 2 2 2 2 2 2 2 2 2 -1 1
       1 1 1 1 1 1 1 1 1 1 1 1 1
       1 0 1 1 1 1
       0 0 0 0 0 0
       1 1 1 1 -1 1 1
       1 1 1 1 1
       0 1 1 2 2 2
       0 0 0 0 0 0
       12 1 0 0 0 0 -1 0 0 0 0 0
       1 1 1 1
       1 1 0 0 0 0 0 0
       0 0 0 0
       0 0 1 1
       1 1 1 1
       1 1 1 12
       0 1
        90.9
55 1
       0 -1 1 1 2 2 2 2 2 2 2 2 2
       -1 2 2 2 2 1
       1 1 1 1 1 1
       1 1 0 1
       1 1 0 0 0 0 0 0 0 0 0 0 0
       2 2 2 2 2 2 -1 2 2 2 2 2 2
       1 1 1 0 0 0
       1 1 0 0 0 -1
       1 0 0 0 -1 1 1
       1 1 2 2 2
       1 -1 0 0 0 0
       0 0 0 0 0 0
       12 1 1 1 1 1 -1 1 1 1 1 0
       2 2 2 1
       1 1 1 1 1 1 1 2
       2 2 1 1
       0 0 0 0
       1 1 2 1
       1 1 0 0
       0 0
        264
56 1
       1 1 2 1 1 1 2 2 2 2 2 2 2
       0 1 0 -1 0 0
       1 1 1 1 1 1
       1 1 1 1
       1 1 1 1 1 1 1 1 1 1 1 1 1
       1 1 1 2 2 2 2 2 2 2 2 2 2
       1 1 1 1 1 -1
       2 2 1 1 1 -1
       0 0 0 0 0 1 1
       0 1 -1 1 2
       1 1 1 1 0 0
       1 1 -1 1 2 2
       12 1 -1 1 1 1 0 0 0 0 0 0
       1 0 0 0
       0 0 0 0 0 0 0 0
       1 1 1 0
       2 1 1 1
       2 2 2 2
       1 1 1 12
       1 1
        170.517
57 1
       1 -1 1 1 0 0 1 1 2 2 2 2 2
       1 0 0 1 2 2
       1 1 1 1 0 0
       1 1 1 1
       0 1 1 1 1 1 1 1 1 1 2 2 2
       1 1 1 2 2 2 2 2 2 2 2 2 2
       1 1 1 1 2 2
       1 1 0 0 0 0
       1 0 1 1 -1 1 1
       1 1 2 2 1
       1 1 1 1 1 0
       0 0 0 1 1 1
       12 2 2 2 2 2 2 2 2 2 2 2
       1 1 1 1
       1 0 0 0 0 0 0 0
       1 -1 1 1
       0 0 0 0
       0 0 0 0
       2 1 1 12
       1 1
        111.717
58 1
       2 2 2 2 2 2 1 1 1 1 1 1 1
       1 1 1 0 1 1
       1 1 1 1 1 0
       0 1 1 1
       0 0 0 0 0 0 2 2 2 2 2 2 2
       2 2 1 1 1 1 1 1 1 1 1 1 1
       0 0 0 0 1 1
       1 1 1 2 2 2
       1 1 0 0 -1 0 0
       1 1 1 1 1
       0 1 2 1 1 0
       0 0 0 0 0 0
       0 0 -1 0 0 0 -1 0 1 -1 1 1
       2 1 1 1
       1 1 1 1 1 1 1 1
       2 1 1 2
       2 2 2 1
       1 1 1 1
       0 0 0 0
       0 1
        264
59 1
       1 1 1 1 1 1 1 1 1 1 1 1 1
       1 1 -1 2 2 2
       1 1 0 0 0 0
       1 0 0 0
       0 0 0 0 1 1 2 2 2 2 2 2 2
       1 1 1 1 1 2 2 2 2 1 1 1 1
       2 2 1 -1 1 1
       1 1 1 2 2 2
       2 2 2 1 -1 0 0
       0 1 1 1 1
       0 1 1 1 1 1
       2 1 1 1 1 -1
       0 0 0 0 0 0 -1 0 0 -1 0 1
       2 2 1 1
       1 1 2 2 2 2 2 2
       2 1 1 1
       1 2 2 2
       2 2 0 0
       1 1 1 12
       0 0
        75.383
60 1
       1 1 1 1 0 0 0 0 0 0 0 0 0
       1 1 1 1 -1 1
       0 1 2 2 2 2
       1 1 2 2
       0 0 0 0 0 1 1 1 2 2 2 2 1
       1 1 1 1 1 1 1 1 1 1 1 1 1
       2 2 2 -1 1 1
       1 1 1 1 1 1
       0 0 1 -1 -1 1 1
       0 0 0 0 0
       2 2 1 1 1 0
       0 0 0 0 0 1
       0 0 -1 0 0 0 0 0 0 -1 0 1
       0 2 2 2
       2 2 2 2 2 2 2 -1
       1 1 1 1
       1 2 2 2
       2 2 1 1
       0 1 1 12
       0 0
        84.35
61 1
       2 2 2 2 2 2 2 2 1 1 1 1 1
       1 2 1 1 1 1
       1 1 2 2 2 2
       1 1 1 2
       1 1 1 1 0 0 0 0 0 0 0 1 1
       1 1 1 1 1 1 1 1 1 1 1 1 1
       1 1 1 1 2 2
       1 2 2 2 2 2
       1 1 1 1 -1 2 2
       1 1 2 2 2
       2 2 2 2 2 0
       1 1 0 0 0 0
       12 1 2 1 1 1 1 1 1 1 1 1
       1 1 1 1
       1 0 0 0 0 0 0 0
       1 1 1 1
       1 1 1 1
       1 1 0 0
       2 1 1 12
       0 0
        97.667
62 1
       1 1 1 1 1 1 1 1 1 1 1 1 1
       1 0 1 1 1 1
       1 1 1 1 1 1
       1 1 1 0
       0 0 1 1 1 1 1 1 1 1 1 -1 2
       0 0 1 1 1 1 1 1 1 1 1 1 1
       1 1 1 0 1 1
       1 1 1 1 2 -1
       0 0 1 -1 -1 0 0
       0 0 0 1 1
       2 2 2 2 2 0
       2 2 1 1 1 1
       0 0 -1 1 1 1 -1 1 1 1 1 1
       0 0 0 0
       2 2 2 2 2 2 2 1
       1 1 1 0
       2 2 1 1
       1 1 1 1
       0 0 0 0
       0 -1
        97.783
63 1
       1 1 1 1 2 2 2 2 2 2 1 1 1
       2 2 2 2 2 2
       1 1 2 1 1 1
       2 2 2 1
       1 1 1 1 1 1 1 1 1 1 1 1 1
       0 0 0 0 0 0 -1 0 0 0 0 0 0
       2 2 2 2 1 0
       1 1 1 1 1 0
       0 0 0 0 -1 0 0
       2 2 2 1 1
       1 1 1 1 1 1
       1 0 0 0 0 1
       12 2 2 2 2 2 2 2 1 -1 1 1
       1 1 1 0
       -1 1 1 1 1 1 1 2
       2 2 2 2
       1 1 1 0
       1 1 1 1
       2 0 0 0
       1 1
        264
64 1
       1 1 1 1 1 1 0 0 0 0 1 1 1
       0 0 0 0 0 0
       1 1 0 0 0 0
       2 2 1 1
       2 2 2 2 2 2 2 2 2 2 2 2 2
       1 0 0 1 1 1 1 1 1 1 1 1 1
       2 1 1 1 1 1
       0 0 1 1 1 2
       0 0 0 0 0 0 0
       1 1 1 1 1
       1 2 2 2 2 2
       2 2 1 0 0 0
       12 0 -1 2 2 2 2 2 2 2 2 2
       0 0 0 1
       -1 2 2 2 2 2 1 -1
       0 1 1 2
       1 1 1 1
       1 1 1 1
       2 2 2 12
       1 1
        90.433
65 1
       0 0 1 1 1 1 1 1 0 0 0 0 0
       -1 0 1 1 1 1
       0 1 1 1 1 1
       2 -1 1 1
       -1 1 1 1 1 1 1 1 1 1 1 1 1
       0 0 0 0 1 1 1 1 1 1 1 1 1
       0 1 1 1 1 1
       1 1 1 1 1 -1
       2 2 2 -1 -1 1 1
       0 0 1 1 2
       0 0 0 1 1 1
       1 0 1 1 1 2
       12 2 2 2 2 2 2 2 2 2 2 2
       1 1 0 1
       1 -1 0 0 0 0 0 0
       0 0 0 1
       1 1 1 2
       2 2 -1 2
       1 1 0 0
       1 1
        264
66 1
       1 1 1 2 2 2 2 2 1 1 1 1 1
       2 2 2 2 -1 2
       0 0 0 2 2 2
       1 1 1 2
       1 1 1 1 -1 1 1 1 1 1 1 1 1
       2 1 1 1 1 1 1 1 1 1 1 1 1
       1 2 2 2 1 1
       0 0 0 0 0 0
       2 2 2 1 -1 1 1
       0 1 1 1 1
       0 0 -1 0 0 0
       2 2 2 2 2 2
       0 0 -1 0 0 0 0 0 0 -1 1 1
       1 1 1 1
       1 -1 1 1 2 2 2 2
       0 0 1 1
       1 1 0 0
       1 1 -1 1
       2 1 1 12
       0 0
        90.05
67 1
       1 1 1 1 1 1 1 1 1 1 -1 1 1
       2 1 1 -1 1 1
       2 1 1 1 1 1
       2 -1 2 2
       1 2 2 2 2 2 2 2 2 1 1 -1 1
       2 1 1 1 1 1 1 1 1 1 0 0 0
       1 1 1 -1 2 -1
       1 1 1 1 1 -1
       2 2 2 2 -1 2 2
       0 0 1 1 1
       1 1 1 1 1 1
       2 2 2 2 2 2
       12 1 0 0 0 0 0 0 0 0 0 0
       1 1 2 2
       1 -1 2 2 2 1 1 2
       2 1 1 1
       0 1 1 1
       2 2 2 2
       1 0 1 12
       0 0
        90.083
68 1
       1 1 0 0 0 0 1 1 1 2 2 2 2
       1 1 1 1 2 2
       1 2 2 2 2 2
       1 2 2 2
       2 2 2 2 2 2 2 2 1 1 1 -1 1
       1 0 0 0 0 0 0 0 0 0 1 1 1
       1 0 0 0 0 -1
       1 1 1 2 2 2
       2 2 1 1 -1 0 0
       0 0 1 1 2
       2 2 2 1 1 1
       1 1 1 1 1 2
       0 0 0 0 0 0 0 0 0 0 0 0
       1 -1 2 2
       1 -1 1 1 0 0 0 0
       1 2 2 2
       2 2 2 2
       0 0 0 0
       0 0 0 0
       1 1
        90.117
69 1
       0 0 0 0 0 0 1 1 2 2 2 2 2
       1 2 2 -1 1 1
       2 1 1 2 2 2
       0 0 1 2
       0 1 0 0 0 0 0 0 0 0 0 -1 0
       0 0 0 1 2 2 2 2 2 2 2 2 2
       1 1 1 -1 1 -1
       2 2 2 1 0 0
       1 1 2 2 -1 1 1
       1 1 1 1 1
       2 2 2 2 2 2
       1 1 1 2 2 2
       12 1 1 1 1 1 1 1 1 -1 1 2
       1 -1 1 1
       1 -1 1 1 1 1 0 0
       2 2 2 2
       2 1 1 0
       1 1 1 1
       0 0 0 12
       1 1
        264
70 1
       1 1 1 1 1 1 1 1 1 1 1 1 1
       1 0 0 0 0 0
       1 1 1 1 1 1
       0 0 0 2
       -1 1 0 0 0 0 1 1 1 2 2 -1 1
       2 2 1 1 1 1 1 1 1 1 1 1 1
       0 0 1 -1 1 -1
       1 1 1 1 1 -1
       1 1 1 1 -1 1 1
       1 2 2 2 2
       0 1 1 1 1 1
       0 0 1 1 1 1
       0 0 0 0 0 0 0 0 0 -1 0 0
       0 -1 1 1
       2 -1 2 2 2 2 -1 -1
       1 1 1 1
       1 1 1 1
       0 0 0 0
       1 1 2 12
       1 0
        71.967
71 1
       1 1 1 1 1 1 1 1 1 1 1 -1 1
       1 1 2 -1 1 1
       1 2 2 2 1 1
       2 1 1 1
       0 1 0 0 0 0 0 0 0 0 1 -1 1
       2 2 2 2 2 2 2 2 2 2 2 2 2
       0 -1 2 -1 2 1
       2 2 2 2 2 2
       1 1 1 1 -1 2 2
       1 1 1 0 1
       2 1 0 0 0 0
       2 2 -1 2 2 2
       12 1 0 0 0 0 0 0 0 0 0 0
       2 2 1 1
       2 2 2 2 2 2 2 2
       1 1 1 1
       1 1 1 1
       1 1 1 1
       2 2 2 12
       1 0
        264
72 1
       2 2 2 2 2 2 1 1 0 0 0 0 0
       1 0 0 0 0 0
       1 1 1 1 1 1
       2 2 2 2
       2 2 1 1 1 1 1 1 1 1 1 -1 1
       1 1 1 1 1 1 1 1 1 1 1 1 1
       1 1 1 -1 2 2
       2 2 2 1 1 1
       1 2 1 1 -1 0 0
       0 0 0 -1 0
       1 1 2 2 2 2
       1 1 1 0 0 0
       12 2 2 2 2 2 1 1 1 1 1 1
       2 2 2 1
       0 1 -1 1 1 1 -1 -1
       0 1 1 1
       1 2 2 2
       0 0 1 1
       1 1 1 12
       1 1
        .
73 1
       1 1 1 1 1 1 1 1 1 1 1 1 1
       2 2 1 -1 1 1
       1 0 0 0 0 1
       0 2 2 1
       1 2 2 2 2 2 2 -1 2 2 2 2 2
       1 1 1 1 1 1 -1 1 1 2 2 2 2
       1 1 1 1 2 2
       1 1 1 1 1 -1
       0 0 1 -1 1 1 1
       1 1 2 1 1
       1 1 1 2 2 2
       2 2 2 2 2 2
       12 2 2 2 2 2 2 2 2 2 2 2
       -1 1 1 0
       0 1 1 0 0 0 0 0
       1 2 -1 1
       1 1 1 2
       1 1 1 1
       2 2 1 12
       0 1
        264
74 1
       -1 1 -1 1 1 1 1 1 1 1 1 1 1
       2 1 1 -1 1 1
       0 0 1 1 1 2
       0 0 1 2
       1 1 1 1 1 1 1 1 1 1 1 1 0
       2 2 2 2 2 2 -1 2 2 2 2 2 2
       2 2 1 -1 0 0
       0 0 0 0 0 0
       1 1 1 1 1 0 0
       0 0 0 0 0
       1 1 1 1 1 2
       1 1 0 0 0 0
       0 1 1 1 1 1 1 1 1 1 1 1
       1 2 2 2
       1 1 1 1 1 1 1 1
       1 0 0 1
       1 1 1 0
       1 1 -1 0
       1 2 2 12
       1 1
        264
75 1
       2 2 1 1 1 1 0 0 0 0 0 0 0
       1 0 0 -1 1 1
       0 0 1 1 1 1
       2 1 1 1
       1 1 1 1 1 1 0 0 0 0 1 1 1
       1 1 1 1 1 1 -1 0 0 0 0 0 0
       2 1 1 1 2 1
       1 1 -1 1 1 1
       0 0 1 1 1 1 1
       1 1 0 0 0
       1 1 1 1 1 2
       2 2 2 2 1 1
       0 0 0 0 0 0 0 0 0 0 0 0
       1 2 2 2
       1 1 1 1 1 1 1 1
       2 2 1 1
       1 1 1 1
       0 0 0 0
       0 0 0 12
       1 1
        74.267
76 1
       -1 1 0 0 1 1 1 1 1 1 1 1 1
       2 2 2 -1 0 0
       0 0 0 0 0 0
       1 1 2 1
       -1 1 0 0 0 0 0 0 0 0 0 1 1
       1 1 1 1 2 2 2 2 2 2 2 2 2
       1 1 1 1 1 1
       1 1 1 2 2 -1
       0 0 0 0 0 0 0
       1 2 2 1 1
       1 1 1 2 2 1
       2 2 2 2 2 1
       1 1 1 1 1 1 1 1 1 1 1 1
       2 2 1 1
       2 2 2 2 2 2 2 2
       2 1 0 0
       1 1 1 0
       1 1 1 1
       0 1 2 12
       0 1
        .
77 1
       1 1 1 1 2 2 2 2 1 1 1 1 1
       1 1 1 1 1 1
       1 2 1 1 1 1
       2 2 2 1
       0 0 0 0 0 1 1 1 1 1 2 2 2
       1 1 1 1 1 1 1 1 1 1 1 1 1
       1 1 2 2 2 2
       2 2 2 1 1 0
       2 2 2 2 2 1 1
       1 0 0 0 0
       1 1 1 1 1 1
       1 1 1 2 2 2
       2 2 2 2 2 2 2 2 2 2 2 2
       2 2 2 2
       0 0 1 1 1 1 1 1
       0 0 0 1
       2 1 1 1
       1 1 1 2
       1 1 0 0
       0 0
        .
78 1
       -1 1 1 2 2 2 2 2 2 2 2 2 2
       1 1 -1 0 1 1
       1 0 0 0 1 1
       0 0 1 2
       -1 0 0 0 0 0 0 0 0 0 0 0 0
       1 1 1 2 2 2 2 2 2 2 2 2 2
       1 1 1 1 1 1
       2 2 1 0 0 0
       1 1 1 2 2 2 1
       2 2 2 2 2
       2 2 2 2 1 0
       1 1 1 2 2 2
       1 1 1 1 1 1 1 1 1 1 1 1
       2 2 2 1
       1 1 1 1 1 1 1 1
       0 1 1 1
       2 2 2 1
       1 1 0 0
       1 1 1 12
       1 0
        264
79 1
       0 0 1 2 2 2 1 1 1 1 1 1 1
       1 1 1 1 1 2
       1 1 1 1 1 1
       1 1 1 1
       1 1 1 1 1 1 1 1 1 1 1 1 0
       1 1 1 1 1 1 -1 1 1 1 1 1 1
       1 1 1 1 1 1
       1 1 1 1 1 1
       1 1 1 1 1 0 0
       2 1 1 1 2
       1 1 1 1 2 1
       0 1 1 1 2 2
       12 1 2 2 2 1 1 1 1 1 1 1
       0 1 1 2
       0 0 0 0 0 0 0 -1
       1 0 0 1
       1 2 2 2
       2 2 0 0
       0 0 0 0
       1 1
        264
80 1
       0 0 0 1 1 1 1 1 0 0 0 0 0
       2 1 1 1 1 1
       2 2 2 1 1 1
       1 -1 2 1
       2 1 0 0 0 0 0 0 0 0 0 0 0
       1 1 1 2 2 2 2 2 2 2 2 2 2
       0 1 1 -1 1 1
       1 1 1 1 1 1
       0 0 0 0 0 0 0
       0 0 1 1 1
       2 2 1 1 1 1
       1 1 1 1 1 1
       12 1 0 0 0 0 -1 0 0 0 0 0
       1 1 1 0
       1 2 2 2 2 2 2 2
       1 1 1 0
       0 0 0 1
       2 2 2 2
       2 2 2 12
       1 1
        264
81 1
       1 1 2 -1 1 2 2 2 2 2 2 2 2
       0 1 1 1 1 1
       1 2 2 2 1 1
       1 1 1 2
       2 2 2 2 2 2 2 2 2 1 1 1 1
       -1 1 1 1 1 1 1 1 1 1 1 1 1
       1 1 0 0 0 0
       1 1 1 1 1 2
       1 1 1 2 1 1 1
       -1 1 1 1 2
       0 0 0 0 0 0
       0 0 0 0 0 0
       0 0 0 0 0 1 -1 1 1 1 1 1
       1 0 0 0
       1 1 1 1 1 1 1 2
       2 1 1 2
       2 2 2 1
       0 0 0 0
       1 1 1 12
       1 0
        109.867
82 1
       2 2 0 0 0 0 0 0 0 0 0 0 0
       1 0 0 1 1 1
       0 0 0 0 0 0
       0 0 0 0
       2 2 2 2 2 1 1 1 1 1 1 1 1
       1 1 1 1 1 2 2 2 2 2 2 2 2
       0 1 1 -1 2 1
       1 1 1 1 1 1
       0 0 0 0 0 0 1
       1 1 1 1 1
       2 2 2 -1 2 2
       1 1 0 0 0 0
       12 1 2 1 1 1 1 1 1 1 1 1
       1 1 1 1
       1 1 1 1 0 0 0 0
       1 1 0 0
       2 1 1 0
       0 0 0 1
       1 1 1 0
       1 1
        264
83 1
       1 1 1 1 1 1 1 1 2 2 2 2 2
       1 1 1 2 2 2
       1 0 0 1 1 1
       2 1 1 1
       0 0 0 0 0 0 0 0 0 0 0 0 2
       2 2 1 1 1 0 0 0 0 0 0 0 0
       2 2 1 1 0 0
       1 1 1 1 1 0
       0 0 0 1 1 1 0
       0 1 1 1 1
       1 0 0 0 0 1
       1 1 1 0 0 0
       0 0 0 0 0 0 0 0 0 0 0 0
       1 0 0 0
       2 1 1 1 1 1 1 0
       2 2 2 1
       2 2 1 1
       0 0 0 0
       0 1 2 12
       0 0
        264
84 1
       1 1 1 1 1 1 1 1 1 1 1 1 1
       1 1 1 1 1 1
       2 2 2 1 1 1
       2 2 1 0
       1 1 1 1 1 1 1 1 1 1 1 -1 1
       1 2 2 2 2 2 2 2 2 2 1 1 1
       1 0 0 -1 1 1
       1 1 1 1 2 2
       1 1 1 1 2 2 2
       0 1 1 1 1
       0 1 1 2 2 1
       2 2 1 1 1 0
       0 0 0 0 0 0 -1 0 0 -1 0 0
       1 1 1 0
       2 -1 2 2 2 2 -1 1
       0 1 1 1
       0 2 2 2
       1 1 1 1
       2 2 2 12
       0 0
        96.017
85 1
       1 1 1 1 1 1 2 2 1 1 1 1 1
       2 2 2 0 0 0
       1 0 0 0 0 1
       1 -1 1 1
       2 2 2 2 2 2 2 2 2 2 2 2 2
       0 0 0 0 0 0 0 0 0 0 0 0 1
       2 2 1 0 0 0
       1 1 -1 1 0 -1
       0 0 0 0 0 0 0
       0 0 0 0 0
       1 1 2 2 2 2
       1 1 1 1 1 1
       12 1 1 1 1 1 1 1 1 1 1 1
       0 1 1 1
       2 2 2 2 2 2 1 1
       1 2 1 1
       1 1 1 2
       1 1 1 1
       0 0 0 0
       0 0
        136.417
86 1
       1 1 2 2 2 2 2 2 2 2 2 1 1
       2 0 0 0 0 0
       1 0 1 1 1 1
       1 1 1 1
       2 1 0 0 0 0 0 0 0 0 0 -1 0
       1 1 1 1 1 1 1 1 1 1 1 1 1
       0 0 0 -1 1 1
       1 1 0 0 0 0
       1 1 1 2 2 2 2
       1 1 1 1 1
       2 0 0 0 0 0
       2 2 1 1 1 2
       12 2 -1 0 2 0 -1 0 0 -1 0 0
       0 0 0 0
       0 0 0 0 0 0 0 0
       1 1 1 1
       2 2 2 2
       1 1 1 1
       0 2 2 12
       0 0
        168.25
87 1
       0 0 0 1 0 1 2 2 2 2 2 2 2
       1 2 1 1 0 0
       1 1 1 2 1 1
       0 0 0 2
       1 1 2 2 2 2 2 2 2 2 2 2 2
       0 0 0 0 0 0 0 0 0 0 0 0 1
       0 0 1 -1 1 2
       0 0 0 0 0 1
       1 1 1 1 1 1 2
       1 0 0 0 0
       1 1 1 0 0 1
       2 2 2 2 2 2
       12 -1 1 1 1 1 1 1 1 -1 1 1
       1 1 1 1
       -1 -1 1 1 1 1 1 1
       2 2 0 0
       0 0 0 0
       0 0 0 0
       1 1 2 12
       0 1
        120.7
88 1
       2 2 2 2 2 2 1 1 1 1 1 1 2
       1 1 1 1 0 0
       1 0 0 0 0 1
       2 -1 2 1
       1 1 1 1 1 1 1 1 1 1 1 -1 2
       1 1 1 1 1 1 1 1 1 1 1 1 1
       2 2 2 -1 1 1
       0 0 0 0 0 1
       2 2 2 1 1 1 1
       0 0 1 2 2
       0 0 1 1 1 1
       1 1 1 1 0 0
       0 0 0 0 0 0 0 0 0 0 0 0
       1 1 0 0
       -1 -1 2 2 2 2 -1 2
       2 2 2 1
       0 2 2 2
       1 2 2 2
       1 1 1 12
       1 0
        114.55
89 1
       0 0 1 0 1 1 2 2 2 2 2 2 2
       1 1 1 0 0 0
       1 1 0 0 0 0
       2 2 2 0
       2 2 2 2 2 2 2 2 2 2 2 2 2
       1 1 1 1 1 1 1 1 1 1 1 1 1
       0 1 1 -1 1 1
       1 1 1 0 0 1
       1 1 1 1 1 1 1
       0 0 0 0 0
       1 1 0 0 0 0
       0 0 0 0 1 2
       0 -1 0 0 0 0 0 0 0 0 0 0
       0 0 0 0
       1 -1 1 1 1 1 1 0
       0 0 0 0
       2 1 1 1
       0 0 1 1
       0 0 0 12
       0 0
        94.033
90 1
       1 1 1 1 1 1 1 0 0 0 0 1 1
       1 1 1 1 1 1
       1 1 0 0 0 0
       2 2 2 1
       0 1 1 1 1 1 2 2 2 2 2 -1 2
       2 1 1 1 0 0 0 0 0 0 0 0 1
       2 -1 1 -1 1 1
       1 1 1 2 2 -1
       2 2 1 1 1 0 0
       0 0 0 0 0
       1 1 0 0 0 1
       1 1 2 2 1 1
       12 1 1 1 -1 1 1 0 0 0 0 0
       2 2 2 2
       2 2 2 2 2 2 1 1
       0 0 0 0
       2 2 2 1
       1 1 1 2
       1 0 1 12
       0 1
        67.683
91 1
       0 0 -1 1 1 1 0 0 0 0 0 0 1
       1 1 1 1 1 1
       0 -1 -1 0 0 -1
       -1 -1 -1 2
       1 1 1 1 1 1 1 -1 1 1 1 -1 1
       1 -1 1 1 1 -1 -1 1 1 -1 1 1 1
       -1 2 2 2 2 -1
       1 1 1 -1 1 1
       0 0 1 -1 1 -1 -1
       1 -1 0 0 0
       -1 1 -1 -1 0 1
       -1 -1 0 0 -1 0
       12 1 1 -1 -1 1 1 0 0 -1 0 -1
       -1 0 0 -1
       0 0 1 -1 1 1 1 -1
       -1 0 -1 -1
       -1 -1 -1 2
       -1 1 0 0
       -1 -1 -1 -1
       0 0
        93.833
92 1
       1 1 -1 1 1 1 1 1 1 1 1 0 0
       1 1 2 2 1 1
       2 -1 -1 0 0 -1
       -1 -1 -1 0
       1 1 1 1 1 1 1 -1 1 1 1 -1 1
       1 -1 1 1 1 -1 -1 1 1 -1 1 1 1
       -1 0 0 0 0 -1
       0 0 0 -1 1 2
       0 0 0 -1 0 -1 -1
       1 -1 2 2 2
       -1 2 -1 -1 1 1
       -1 -1 1 1 -1 1
       12 1 1 -1 -1 1 1 1 1 1 1 0
       -1 1 1 -1
       2 2 2 -1 2 2 2 -1
       -1 1 -1 -1
       -1 -1 -1 2
       -1 2 1 1
       -1 -1 -1 -1
       0 1
        93.867
93 1
       -1 1 -1 1 1 1 1 1 1 1 1 2 2
       1 0 0 0 0 1
       1 -1 -1 1 1 -1
       -1 -1 -1 1
       1 1 1 1 1 1 1 -1 1 1 1 -1 2
       1 -1 1 1 1 -1 -1 1 1 -1 0 0 0
       -1 2 1 -1 1 -1
       2 2 1 -1 1 1
       1 -1 1 -1 1 -1 -1
       1 -1 1 1 1
       -1 1 1 -1 1 0
       -1 -1 2 2 -1 1
       0 0 0 -1 -1 0 0 0 0 0 0 0
       -1 2 2 -1
       0 0 0 -1 0 0 1 -1
       -1 2 -1 -1
       -1 -1 -1 1
       -1 0 0 0
       -1 -1 -1 -1
       0 0
        139.867
94 1
       -1 1 -1 1 0 0 0 0 0 0 0 -1 0
       1 0 1 1 1 1
       1 -1 -1 1 1 -1
       -1 -1 -1 1
       0 0 0 0 0 0 2 -1 2 2 2 -1 2
       0 -1 0 0 1 -1 -1 1 1 -1 1 1 1
       -1 1 1 1 1 -1
       1 1 1 -1 -1 1
       1 1 1 -1 0 -1 -1
       1 -1 1 1 1
       -1 2 2 -1 2 2
       -1 -1 1 1 -1 1
       12 1 1 -1 -1 1 1 1 1 1 1 2
       -1 1 1 -1
       0 0 0 -1 0 0 0 -1
       -1 0 -1 -1
       -1 -1 2 2
       -1 1 2 2
       -1 -1 -1 -1
       0 0
        117.933
95 1
       -1 1 -1 2 2 2 2 2 2 1 1 1 1
       1 1 0 1 1 2
       1 -1 -1 1 1 -1
       -1 -1 -1 0
       2 2 2 2 2 2 2 -1 1 1 1 -1 0
       0 -1 1 1 0 -1 -1 0 0 -1 0 0 0
       -1 2 1 1 1 -1
       0 0 1 -1 1 0
       2 -1 2 -1 2 -1 -1
       0 -1 1 1 1
       -1 2 2 -1 2 2
       -1 -1 1 1 -1 1
       0 0 0 -1 -1 0 0 0 0 0 0 0
       -1 2 2 -1
       1 1 1 -1 0 0 0 -1
       -1 0 -1 -1
       -1 -1 -1 0
       -1 1 1 1
       -1 -1 -1 -1
       0 1
        77.8
96 1
       1 1 -1 1 1 -1 1 1 1 1 -1 1 1
       2 2 1 2 2 1
       1 -1 -1 0 0 -1
       -1 -1 -1 1
       0 1 1 1 1 1 1 -1 1 1 1 -1 1
       1 -1 2 2 2 -1 -1 1 1 -1 1 1 1
       -1 0 -1 0 0 -1
       2 2 2 -1 2 2
       1 -1 0 -1 1 -1 -1
       2 -1 1 1 1
       -1 1 1 -1 0 0
       -1 -1 1 -1 -1 1
       0 0 0 -1 -1 0 0 0 0 0 0 1
       -1 1 1 -1
       1 1 1 -1 1 1 1 -1
       -1 1 -1 -1
       -1 -1 -1 0
       -1 -1 2 2
       -1 -1 -1 -1
       0 1
        117.833
97 1
       -1 0 -1 1 1 -1 1 1 1 1 1 2 2
       1 2 2 2 2 2
       1 -1 -1 1 1 -1
       -1 -1 -1 2
       1 1 1 1 1 1 1 -1 1 0 0 -1 0
       1 -1 1 1 1 -1 -1 1 1 -1 1 1 1
       -1 1 1 1 0 -1
       2 2 2 -1 2 2
       0 1 1 -1 2 -1 -1
       2 -1 0 1 1
       -1 1 -1 -1 1 1
       -1 -1 2 2 -1 2
       0 0 1 -1 -1 1 1 1 1 1 -1 1
       -1 0 0 -1
       1 1 1 -1 1 1 1 -1
       -1 1 -1 -1
       -1 -1 -1 2
       -1 0 1 1
       -1 -1 -1 -1
       1 1
        264
98 1
       -1 1 -1 1 1 1 1 1 1 1 1 1 1
       0 0 1 1 1 1
       1 -1 -1 1 1 -1
       -1 -1 -1 1
       2 2 2 2 2 2 2 -1 2 2 2 -1 0
       1 -1 1 1 1 -1 -1 1 1 -1 1 1 1
       -1 1 1 -1 1 -1
       2 2 2 -1 1 1
       1 1 1 -1 2 -1 -1
       1 -1 1 2 1
       -1 0 0 -1 0 -1
       -1 -1 1 1 -1 0
       12 1 1 -1 -1 0 0 0 0 -1 0 1
       -1 1 1 -1
       1 1 1 -1 1 1 1 -1
       -1 2 -1 -1
       -1 -1 0 1
       -1 0 0 0
       -1 -1 -1 -1
       1 -1
        77.733
99 1
       -1 2 -1 1 0 0 1 1 1 1 1 1 1
       1 0 0 1 1 1
       0 -1 -1 1 1 -1
       -1 -1 -1 2
       2 -1 2 2 2 2 1 -1 1 1 1 -1 2
       2 -1 2 2 2 -1 -1 2 2 -1 1 1 1
       -1 1 2 2 1 -1
       1 1 2 -1 -1 2
       0 -1 1 -1 1 -1 -1
       1 -1 2 0 0
       -1 0 0 -1 0 1
       -1 -1 1 2 -1 1
       0 0 0 -1 -1 0 0 0 0 -1 0 0
       -1 2 -1 -1
       1 1 1 -1 1 1 1 -1
       -1 0 -1 -1
       -1 -1 -1 2
       -1 0 0 0
       -1 -1 -1 -1
       1 0
        93.183
100 1
       2 2 -1 0 0 0 0 0 0 0 -1 0 0
       1 1 1 1 1 1
       0 -1 -1 0 0 -1
       -1 -1 -1 1
       1 -1 1 1 1 1 1 -1 1 1 1 -1 1
       0 -1 0 0 0 -1 -1 0 0 -1 1 1 1
       -1 0 0 0 1 -1
       0 -1 0 -1 0 0
       2 2 2 -1 2 -1 -1
       2 -1 1 1 2
       -1 1 1 -1 1 1
       -1 -1 1 1 -1 0
       12 1 1 -1 -1 1 1 1 1 1 1 0
       -1 0 -1 -1
       2 2 2 -1 2 2 2 -1
       -1 0 -1 -1
       -1 -1 0 0
       -1 1 1 1
       -1 -1 -1 -1
       0 0
        77.633
101 1
       0 0 -1 1 1 1 0 0 0 0 0 0 0
       1 2 2 1 1 1
       1 -1 -1 1 1 -1
       -1 -1 -1 1
       1 1 1 1 1 1 1 -1 1 1 1 -1 0
       2 -1 2 1 1 -1 -1 1 1 -1 1 1 1
       -1 1 1 2 2 -1
       2 2 2 -1 2 2
       1 -1 1 -1 1 -1 -1
       1 -1 1 1 1
       -1 2 -1 -1 1 0
       -1 -1 1 1 -1 1
       12 1 1 -1 -1 0 0 0 0 0 0 0
       -1 1 1 -1
       1 1 0 -1 0 0 0 -1
       -1 0 -1 -1
       -1 -1 1 1
       -1 1 1 2
       -1 -1 -1 -1
       0 0
        77.55
102 1
       0 0 -1 1 1 1 1 1 2 2 2 -1 1
       1 1 0 0 0 0
       0 -1 -1 1 1 -1
       -1 -1 -1 1
       1 -1 0 0 0 0 0 -1 0 1 1 -1 1
       2 -1 1 0 0 -1 -1 -1 0 -1 0 0 0
       -1 2 0 -1 0 -1
       2 2 2 -1 2 0
       0 -1 0 -1 1 -1 -1
       1 -1 0 -1 0
       -1 1 2 -1 2 -1
       -1 -1 2 -1 -1 0
       12 1 1 -1 -1 2 2 2 2 2 2 2
       -1 1 1 -1
       1 0 0 -1 0 0 0 -1
       -1 1 -1 -1
       -1 -1 -1 1
       -1 1 -1 1
       -1 -1 -1 -1
       0 0
        264
103 1
       -1 2 2 2 2 1 1 1 1 1 0 0 0
       0 1 1 2 2 2
       1 -1 -1 2 2 -1
       -1 -1 -1 0
       1 1 1 1 0 0 0 -1 0 0 0 -1 1
       0 -1 0 0 0 -1 -1 1 1 -1 1 1 1
       -1 1 0 0 0 -1
       1 1 1 -1 1 1
       0 0 0 -1 0 -1 -1
       2 -1 2 2 2
       -1 1 1 -1 0 1
       -1 -1 0 0 -1 0
       12 1 1 -1 -1 1 1 1 1 1 1 1
       -1 1 -1 -1
       1 1 1 -1 1 1 0 -1
       -1 0 -1 -1
       -1 -1 1 0
       -1 2 1 1
       -1 -1 -1 -1
       0 0
        117.433
104 1
       2 2 2 1 1 1 2 2 1 1 1 1 1
       1 1 1 0 0 0
       1 -1 -1 0 1 -1
       -1 -1 -1 0
       2 2 2 2 1 1 1 -1 1 1 1 -1 1
       0 -1 1 1 1 -1 -1 1 1 -1 1 1 1
       -1 2 1 1 1 -1
       1 1 2 -1 2 2
       2 0 1 -1 1 -1 -1
       1 -1 0 -1 0
       -1 1 1 -1 1 2
       -1 -1 0 0 -1 1
       12 1 1 -1 -1 1 2 2 2 -1 2 2
       -1 1 1 -1
       1 2 2 -1 2 2 2 -1
       -1 1 -1 -1
       -1 -1 -1 2
       -1 2 2 2
       -1 -1 -1 -1
       0 1
        93.067
105 1
       -1 1 -1 1 1 1 0 0 0 0 0 0 0
       2 2 2 2 2 0
       0 -1 -1 2 2 -1
       -1 -1 -1 0
       0 0 0 1 1 1 1 -1 1 1 1 -1 1
       0 -1 1 1 1 -1 -1 1 1 -1 1 1 1
       -1 0 0 0 0 -1
       0 0 1 -1 2 2
       2 2 2 -1 2 -1 -1
       1 -1 0 0 0
       -1 1 1 -1 1 0
       -1 -1 0 0 -1 1
       12 1 0 -1 -1 0 0 0 0 -1 0 0
       -1 2 2 -1
       0 0 0 -1 1 1 1 -1
       -1 2 -1 -1
       -1 -1 1 1
       -1 1 1 1
       -1 -1 -1 -1
       1 1
        99.867
106 1
       0 1 -1 2 0 0 0 0 0 0 0 0 0
       2 2 2 2 2 2
       0 -1 -1 0 0 -1
       -1 -1 -1 2
       2 2 2 2 2 2 2 -1 2 2 2 -1 2
       1 -1 1 1 1 -1 -1 0 0 -1 0 0 0
       -1 2 1 0 0 -1
       1 -1 1 -1 0 0
       1 1 1 -1 1 -1 -1
       0 -1 1 2 1
       -1 1 -1 -1 1 0
       -1 -1 1 1 -1 1
       12 1 0 -1 -1 0 0 0 0 -1 0 0
       -1 1 1 -1
       2 2 2 -1 2 2 2 -1
       -1 1 -1 -1
       -1 -1 1 1
       -1 1 2 2
       -1 -1 -1 -1
       1 1
        82.333
107 1
       2 2 2 2 1 1 0 0 1 1 1 1 1
       2 1 1 1 1 1
       1 -1 -1 1 1 -1
       -1 -1 -1 1
       0 0 0 0 0 0 0 -1 0 0 0 -1 0
       0 -1 0 0 0 -1 -1 0 0 -1 0 0 0
       -1 1 1 -1 1 -1
       2 2 2 -1 2 1
       1 2 2 -1 2 -1 -1
       2 -1 1 1 1
       -1 1 1 -1 1 1
       -1 -1 1 1 -1 2
       12 1 1 -1 -1 0 0 0 0 0 0 0
       -1 2 1 -1
       1 1 1 -1 -1 1 1 -1
       -1 2 -1 -1
       -1 -1 0 0
       -1 2 2 2
       -1 -1 -1 -1
       0 1
        163.75
108 1
       2 2 2 1 1 2 2 2 2 2 2 2 2
       1 1 1 0 0 0
       0 -1 -1 -1 1 -1
       -1 -1 -1 1
       1 -1 2 2 2 2 2 -1 2 2 2 -1 2
       1 -1 1 1 1 -1 -1 2 2 -1 2 2 2
       -1 1 0 0 0 -1
       0 0 0 -1 1 1
       1 1 2 -1 2 -1 -1
       2 -1 0 0 1
       -1 1 1 -1 0 0
       -1 -1 0 0 -1 1
       0 0 0 -1 -1 0 1 1 1 1 1 1
       -1 0 0 -1
       0 1 1 -1 1 1 1 -1
       -1 1 -1 -1
       -1 -1 2 0
       -1 1 1 1
       -1 -1 -1 -1
       0 0
        82.017
109 1
       1 1 2 2 2 2 1 1 1 1 1 1 1
       1 2 2 2 1 1
       2 -1 -1 1 1 -1
       -1 -1 -1 0
       2 2 0 0 0 0 0 -1 0 0 0 -1 1
       2 -1 2 2 1 -1 -1 1 1 -1 0 0 0
       -1 1 1 2 2 -1
       0 0 0 -1 0 1
       1 1 2 -1 2 -1 -1
       0 -1 2 2 2
       -1 2 2 -1 2 2
       -1 -1 2 2 -1 2
       12 1 1 -1 -1 1 1 1 1 1 1 1
       -1 0 0 -1
       2 2 2 -1 2 2 2 -1
       -1 1 -1 -1
       -1 -1 1 -1
       -1 2 1 1
       -1 -1 -1 -1
       0 0
        264
110 1
       0 0 -1 1 2 2 2 2 2 2 -1 2 2
       2 2 2 2 2 2
       0 -1 -1 1 1 -1
       -1 -1 -1 1
       0 0 0 0 0 0 0 -1 0 1 1 -1 1
       2 -1 1 1 1 -1 -1 1 1 -1 1 1 1
       -1 1 1 1 1 -1
       2 2 1 -1 1 1
       1 -1 1 -1 0 -1 -1
       1 -1 1 -1 1
       -1 1 1 -1 1 1
       -1 -1 1 -1 -1 2
       12 1 1 -1 -1 2 2 2 2 2 2 2
       -1 1 -1 -1
       1 1 1 -1 1 1 1 -1
       -1 1 -1 -1
       -1 -1 -1 1
       -1 1 1 1
       -1 -1 -1 -1
       0 0
        264
111 1
       2 2 -1 -1 0 0 0 0 0 0 1 1 1
       1 0 0 1 1 1
       1 -1 -1 1 1 -1
       -1 -1 -1 2
       1 1 1 1 1 1 1 -1 1 1 1 -1 1
       2 -1 2 2 2 -1 -1 2 2 -1 2 2 2
       -1 1 -1 0 1 -1
       1 1 1 -1 0 1
       1 1 1 -1 0 -1 -1
       1 -1 1 1 1
       -1 1 1 -1 1 1
       -1 -1 2 -1 -1 2
       12 1 1 -1 -1 0 0 0 0 0 0 0
       -1 0 0 -1
       0 0 1 -1 1 1 1 -1
       -1 2 -1 -1
       -1 -1 1 0
       -1 2 2 2
       -1 -1 -1 -1
       1 1
        91.283
112 1
       1 1 -1 1 1 1 1 1 1 1 1 2 2
       2 2 1 0 0 0
       1 -1 -1 1 1 -1
       -1 -1 -1 0
       1 1 1 1 1 1 1 -1 1 1 1 -1 2
       0 -1 0 0 1 -1 -1 1 1 -1 1 1 1
       -1 0 0 0 0 -1
       2 2 2 -1 2 2
       -1 2 2 -1 2 -1 -1
       1 -1 1 1 1
       -1 2 2 -1 2 -1
       -1 -1 1 1 -1 1
       12 1 1 -1 -1 1 1 1 1 1 1 1
       -1 1 1 -1
       2 2 2 -1 2 1 1 -1
       -1 2 -1 -1
       -1 -1 0 1
       -1 -1 1 1
       -1 -1 -1 -1
       1 1
        140.767
113 1
       0 0 -1 0 0 0 0 0 0 0 0 0 0
       0 1 1 1 1 2
       1 -1 -1 1 1 -1
       -1 -1 -1 1
       2 2 2 2 2 2 -1 -1 1 1 0 -1 0
       2 -1 1 1 1 -1 -1 1 1 -1 1 1 2
       -1 1 1 1 1 -1
       1 1 1 -1 1 1
       0 0 1 -1 1 -1 -1
       0 -1 2 -1 2
       -1 1 -1 -1 1 0
       -1 -1 2 2 -1 1
       12 1 1 -1 -1 1 1 1 1 1 1 1
       -1 1 1 -1
       2 2 2 -1 1 1 1 -1
       -1 1 -1 -1
       -1 -1 1 1
       -1 0 1 0
       -1 -1 -1 -1
       0 0
        81.733
114 1
       1 1 -1 0 0 0 0 0 0 0 0 -1 0
       0 1 1 2 2 1
       1 -1 -1 -1 0 -1
       -1 -1 -1 0
       1 -1 1 1 -1 2 2 -1 2 2 2 -1 2
       0 -1 0 0 1 -1 -1 -1 1 -1 1 1 1
       -1 1 -1 2 2 -1
       0 0 -1 -1 2 2
       1 1 1 -1 1 -1 -1
       1 -1 1 -1 1
       -1 1 1 -1 1 1
       -1 -1 0 0 -1 1
       12 1 1 -1 -1 1 1 1 0 -1 0 1
       -1 1 1 -1
       2 1 1 -1 1 1 1 -1
       -1 0 -1 -1
       -1 -1 0 1
       -1 1 0 0
       -1 -1 -1 -1
       0 1
        75.667
115 1
       2 2 2 2 2 1 1 1 1 1 1 1 1
       2 2 1 1 1 0
       1 -1 -1 0 0 -1
       -1 -1 -1 0
       2 -1 1 1 1 1 1 -1 1 1 1 -1 1
       0 -1 1 1 1 -1 -1 -1 2 -1 2 2 2
       -1 2 2 -1 1 -1
       0 0 0 -1 0 0
       2 -1 2 -1 2 -1 -1
       2 -1 0 -1 1
       -1 0 1 -1 2 2
       -1 -1 1 1 -1 2
       0 0 0 -1 -1 0 0 0 0 1 1 2
       -1 1 1 -1
       2 2 2 -1 2 2 2 -1
       -1 0 -1 -1
       -1 -1 0 0
       -1 1 1 1
       -1 -1 -1 -1
       0 0
        76.483
116 1
       1 1 -1 2 2 2 2 2 2 2 1 1 1
       1 1 2 2 2 1
       1 -1 -1 1 -1 -1
       -1 -1 -1 2
       1 1 0 0 0 0 0 -1 0 0 0 -1 1
       0 -1 0 0 0 -1 -1 1 1 -1 1 1 1
       -1 1 1 1 2 -1
       0 0 0 -1 0 1
       2 -1 2 -1 2 -1 -1
       2 -1 1 1 1
       -1 1 1 -1 2 2
       -1 -1 1 1 -1 0
       0 0 0 -1 -1 0 0 1 1 1 1 1
       -1 0 1 -1
       0 0 0 -1 0 0 0 -1
       -1 1 -1 -1
       -1 -1 -1 1
       -1 2 2 2
       -1 -1 -1 -1
       0 0
        116.467
117 1
       0 0 -1 2 2 2 2 2 2 2 2 1 1
       1 1 2 1 1 1
       1 -1 -1 1 1 -1
       -1 -1 -1 0
       2 2 2 2 2 2 2 -1 2 1 1 -1 1
       2 -1 2 1 1 -1 -1 1 1 -1 1 1 1
       -1 0 0 -1 1 -1
       2 2 1 -1 1 1
       0 -1 0 -1 0 -1 -1
       0 -1 1 -1 1
       -1 1 1 -1 2 2
       -1 -1 1 1 -1 1
       12 1 1 -1 -1 1 -1 1 1 -1 1 1
       -1 0 0 -1
       1 0 0 -1 0 0 0 -1
       -1 1 -1 -1
       -1 -1 -1 1
       -1 1 0 0
       -1 -1 -1 -1
       0 1
        116.517
118 1
       1 1 2 2 2 2 2 2 1 1 1 1 1
       0 0 0 1 1 1
       1 -1 -1 1 1 -1
       -1 -1 -1 1
       1 1 1 1 -1 1 1 -1 1 1 2 -1 2
       1 -1 1 0 1 -1 -1 1 1 -1 1 1 1
       -1 1 1 1 1 -1
       1 1 1 -1 1 1
       1 1 1 -1 0 -1 -1
       1 -1 1 1 1
       -1 1 1 -1 2 1
       -1 -1 1 -1 -1 0
       12 1 0 -1 -1 0 0 1 1 1 1 1
       -1 1 1 -1
       0 0 0 -1 0 0 0 -1
       -1 1 -1 -1
       -1 -1 2 1
       -1 1 1 2
       -1 -1 -1 -1
       1 1
        139.55
119 1
       0 0 -1 0 0 0 0 0 0 0 0 0 0
       2 2 1 1 1 1
       2 -1 -1 1 1 -1
       -1 -1 -1 1
       2 2 1 1 1 1 1 -1 1 1 1 -1 1
       2 -1 2 2 2 -1 -1 2 2 -1 1 1 1
       -1 0 2 2 2 -1
       1 1 0 -1 1 1
       2 2 2 -1 2 -1 -1
       1 -1 2 -1 2
       -1 1 1 -1 1 1
       -1 -1 2 2 -1 1
       12 1 1 -1 -1 1 1 1 1 1 1 1
       -1 1 1 -1
       1 1 1 -1 1 1 1 -1
       -1 1 -1 -1
       -1 -1 2 2
       -1 1 1 1
       -1 -1 -1 -1
       1 0
        264
120 1
       0 0 -1 1 1 1 1 1 1 1 1 0 0
       0 1 1 1 0 0
       1 -1 -1 1 2 -1
       -1 -1 -1 1
       1 1 1 1 1 1 1 -1 2 2 -1 -1 2
       1 -1 1 1 0 -1 -1 0 0 -1 0 0 0
       -1 0 1 1 1 -1
       1 1 0 -1 1 1
       0 0 0 -1 0 -1 -1
       1 -1 1 -1 1
       -1 1 2 -1 2 2
       -1 -1 1 1 -1 2
       12 1 1 -1 -1 1 1 1 1 1 1 1
       -1 2 2 -1
       1 1 1 -1 2 2 2 -1
       -1 1 -1 -1
       -1 -1 1 2
       -1 1 1 1
       -1 -1 -1 -1
       0 0
        116.2
-e
-q
