22813 mapmaker map data
*OrderInfo: 0 0
*D10M44      0   0.01000   -1   -1   -1   -1   -1    0    0
*D1M3        0   0.01000   -1   -1   -1   -1   -1    0    0
*D1M75       0   0.01000   -1   -1   -1   -1   -1    0    0
*D1M215      0   0.01000   -1   -1   -1   -1   -1    0    0
*D1M309      0   0.01000   -1   -1   -1   -1   -1    0    0
*D1M218      0   0.01000   -1   -1   -1   -1   -1    0    0
*D1M451      0   0.01000   -1   -1   -1   -1   -1    0    0
*D1M504      0   0.01000   -1   -1   -1   -1   -1    0    0
*D1M113      0   0.01000   -1   -1   -1   -1   -1    0    0
*D1M355      0   0.01000   -1   -1   -1   -1   -1    0    0
*D1M291      0   0.01000   -1   -1   -1   -1   -1    0    0
*D1M209      0   0.01000   -1   -1   -1   -1   -1    0    0
*D1M155      0   0.01000   -1   -1   -1   -1   -1    0    0
*D2M365      0   0.01000   -1   -1   -1   -1   -1    0    0
*D2M37       0   0.01000   -1   -1   -1   -1   -1    0    0
*D2M396      0   0.01000   -1   -1   -1   -1   -1    0    0
*D2M493      0   0.01000   -1   -1   -1   -1   -1    0    0
*D2M226      0   0.01000   -1   -1   -1   -1   -1    0    0
*D2M148      0   0.01000   -1   -1   -1   -1   -1    0    0
*D3M265      0   0.01000   -1   -1   -1   -1   -1    0    0
*D3M51       0   0.01000   -1   -1   -1   -1   -1    0    0
*D3M106      0   0.01000   -1   -1   -1   -1   -1    0    0
*D3M257      0   0.01000   -1   -1   -1   -1   -1    0    0
*D3M147      0   0.01000   -1   -1   -1   -1   -1    0    0
*D3M19       0   0.01000   -1   -1   -1   -1   -1    0    0
*D4M2        0   0.01000   -1   -1   -1   -1   -1    0    0
*D4M178      0   0.01000   -1   -1   -1   -1   -1    0    0
*D4M187      0   0.01000   -1   -1   -1   -1   -1    0    0
*D4M251      0   0.01000   -1   -1   -1   -1   -1    0    0
*D5M148      0   0.01000   -1   -1   -1   -1   -1    0    0
*D5M232      0   0.01000   -1   -1   -1   -1   -1    0    0
*D5M257      0   0.01000   -1   -1   -1   -1   -1    0    0
*D5M83       0   0.01000   -1   -1   -1   -1   -1    0    0
*D5M307      0   0.01000   -1   -1   -1   -1   -1    0    0
*D5M357      0   0.01000   -1   -1   -1   -1   -1    0    0
*D5M205      0   0.01000   -1   -1   -1   -1   -1    0    0
*D5M398      0   0.01000   -1   -1   -1   -1   -1    0    0
*D5M91       0   0.01000   -1   -1   -1   -1   -1    0    0
*D5M338      0   0.01000   -1   -1   -1   -1   -1    0    0
*D5M188      0   0.01000   -1   -1   -1   -1   -1    0    0
*D5M29       0   0.01000   -1   -1   -1   -1   -1    0    0
*D5M168      0   0.01000   -1   -1   -1   -1   -1    0    0
*D6M223      0   0.01000   -1   -1   -1   -1   -1    0    0
*D6M188      0   0.01000   -1   -1   -1   -1   -1    0    0
*D6M284      0   0.01000   -1   -1   -1   -1   -1    0    0
*D6M39       0   0.01000   -1   -1   -1   -1   -1    0    0
*D6M254      0   0.01000   -1   -1   -1   -1   -1    0    0
*D6M194      0   0.01000   -1   -1   -1   -1   -1    0    0
*D6M290      0   0.01000   -1   -1   -1   -1   -1    0    0
*D6M25       0   0.01000   -1   -1   -1   -1   -1    0    0
*D6M339      0   0.01000   -1   -1   -1   -1   -1    0    0
*D6M59_      0   0.01000   -1   -1   -1   -1   -1    0    0
*D6M201      0   0.01000   -1   -1   -1   -1   -1    0    0
*D6M15       0   0.01000   -1   -1   -1   -1   -1    0    0
*D6M294      0   0.01000   -1   -1   -1   -1   -1    0    0
*D7M246      0   0.01000   -1   -1   -1   -1   -1    0    0
*D7M145      0   0.01000   -1   -1   -1   -1   -1    0    0
*D7M62       0   0.01000   -1   -1   -1   -1   -1    0    0
*D7M126      0   0.01000   -1   -1   -1   -1   -1    0    0
*D7M105      0   0.01000   -1   -1   -1   -1   -1    0    0
*D7M259      0   0.01000   -1   -1   -1   -1   -1    0    0
*D8M94       0   0.01000   -1   -1   -1   -1   -1    0    0
*D8M339      0   0.01000   -1   -1   -1   -1   -1    0    0
*D8M178      0   0.01000   -1   -1   -1   -1   -1    0    0
*D8M242      0   0.01000   -1   -1   -1   -1   -1    0    0
*D8M213      0   0.01000   -1   -1   -1   -1   -1    0    0
*D8M156      0   0.01000   -1   -1   -1   -1   -1    0    0
*D9M247      0   0.01000   -1   -1   -1   -1   -1    0    0
*D9M328      0   0.01000   -1   -1   -1   -1   -1    0    0
*D9M106      0   0.01000   -1   -1   -1   -1   -1    0    0
*D9M269      0   0.01000   -1   -1   -1   -1   -1    0    0
*D9M346      0   0.01000   -1   -1   -1   -1   -1    0    0
*D9M55       0   0.01000   -1   -1   -1   -1   -1    0    0
*D9M18       0   0.01000   -1   -1   -1   -1   -1    0    0
*D10M298     0   0.01000   -1   -1   -1   -1   -1    0    0
*D10M294     0   0.01000   -1   -1   -1   -1   -1    0    0
*D10M42_     0   0.01000   -1   -1   -1   -1   -1    0    0
*D10M10      0   0.01000   -1   -1   -1   -1   -1    0    0
*D10M233     0   0.01000   -1   -1   -1   -1   -1    0    0
*D11M78      0   0.01000   -1   -1   -1   -1   -1    0    0
*D11M20      0   0.01000   -1   -1   -1   -1   -1    0    0
*D11M242     0   0.01000   -1   -1   -1   -1   -1    0    0
*D11M356     0   0.01000   -1   -1   -1   -1   -1    0    0
*D11M327     0   0.01000   -1   -1   -1   -1   -1    0    0
*D11M333     0   0.01000   -1   -1   -1   -1   -1    0    0
*D12M105     0   0.01000   -1   -1   -1   -1   -1    0    0
*D12M46      0   0.01000   -1   -1   -1   -1   -1    0    0
*D12M34      0   0.01000   -1   -1   -1   -1   -1    0    0
*D12M5       0   0.01000   -1   -1   -1   -1   -1    0    0
*D12M99      0   0.01000   -1   -1   -1   -1   -1    0    0
*D12M150     0   0.01000   -1   -1   -1   -1   -1    0    0
*D13M59      0   0.01000   -1   -1   -1   -1   -1    0    0
*D13M88      0   0.01000   -1   -1   -1   -1   -1    0    0
*D13M21      0   0.01000   -1   -1   -1   -1   -1    0    0
*D13M39      0   0.01000   -1   -1   -1   -1   -1    0    0
*D13M167     0   0.01000   -1   -1   -1   -1   -1    0    0
*D13M99      0   0.01000   -1   -1   -1   -1   -1    0    0
*D13M233     0   0.01000   -1   -1   -1   -1   -1    0    0
*D13M106     0   0.01000   -1   -1   -1   -1   -1    0    0
*D13M147     0   0.01000   -1   -1   -1   -1   -1    0    0
*D13M226     0   0.01000   -1   -1   -1   -1   -1    0    0
*D13M290     0   0.01000   -1   -1   -1   -1   -1    0    0
*D13M151     0   0.01000   -1   -1   -1   -1   -1    0    0
*D14M14      0   0.01000   -1   -1   -1   -1   -1    0    0
*D14M115     0   0.01000   -1   -1   -1   -1   -1    0    0
*D14M265     0   0.01000   -1   -1   -1   -1   -1    0    0
*D14M266     0   0.01000   -1   -1   -1   -1   -1    0    0
*D15M226     0   0.01000   -1   -1   -1   -1   -1    0    0
*D15M100     0   0.01000   -1   -1   -1   -1   -1    0    0
*D15M209     0   0.01000   -1   -1   -1   -1   -1    0    0
*D15M144     0   0.01000   -1   -1   -1   -1   -1    0    0
*D15M68      0   0.01000   -1   -1   -1   -1   -1    0    0
*D15M239     0   0.01000   -1   -1   -1   -1   -1    0    0
*D15M241     0   0.01000   -1   -1   -1   -1   -1    0    0
*D15M34      0   0.01000   -1   -1   -1   -1   -1    0    0
*D16M154     0   0.01000   -1   -1   -1   -1   -1    0    0
*D16M4       0   0.01000   -1   -1   -1   -1   -1    0    0
*D16M139     0   0.01000   -1   -1   -1   -1   -1    0    0
*D16M86      0   0.01000   -1   -1   -1   -1   -1    0    0
*D17M260     0   0.01000   -1   -1   -1   -1   -1    0    0
*D17M66      0   0.01000   -1   -1   -1   -1   -1    0    0
*D17M88      0   0.01000   -1   -1   -1   -1   -1    0    0
*D17M129     0   0.01000   -1   -1   -1   -1   -1    0    0
*D18M94      0   0.01000   -1   -1   -1   -1   -1    0    0
*D18M58      0   0.01000   -1   -1   -1   -1   -1    0    0
*D18M106     0   0.01000   -1   -1   -1   -1   -1    0    0
*D18M186     0   0.01000   -1   -1   -1   -1   -1    0    0
*D19M68      0   0.01000   -1   -1   -1   -1   -1    0    0
*D19M117     0   0.01000   -1   -1   -1   -1   -1    0    0
*D19M65      0   0.01000   -1   -1   -1   -1   -1    0    0
*D19M10      0   0.01000   -1   -1   -1   -1   -1    0    0
*DXM186      0   0.01000   -1   -1   -1   -1   -1    0    0
*DXM64       0   0.01000   -1   -1   -1   -1   -1    0    0
*Classes:
*no_class
*
*
*
*
*
*
*
*
*
*
*Chromosomes: 20
*chr1 13 -1 0 0 -298.980
0 1 2 3 4 5 6 7 8 9 
10 11 12 
0.0099 0.1897 0.1338 0.0872 0.0273 0.1463 0.0069 0.0891 0.0077 0.0342 
0.0718 0.0095 
0 0 0 0 0 0 0 0 0 0 0 0 
*chr2 6 -1 0 0 -236.885
13 14 15 16 17 18 
0.2141 0.1592 0.1659 0.0917 0.1180 
0 0 0 0 0 
*chr3 6 -1 0 0 -188.552
19 20 21 22 23 24 
0.2389 0.1024 0.1195 0.0529 0.0710 
0 0 0 0 0 
*chr4 4 -1 0 0 -130.364
25 26 27 28 
0.1592 0.1381 0.2404 
0 0 0 
*chr5 13 -1 0 0 -255.946
29 30 31 32 33 34 35 36 37 38 
39 40 41 
0.0575 0.1154 0.0032 0.0400 0.0175 0.0512 0.0000 0.0197 0.0491 0.0561 
0.0650 0.0979 
0 0 0 0 0 0 0 0 0 0 0 0 
*chr6 13 -1 0 0 -225.672
42 43 44 45 46 47 48 49 50 51 
52 53 54 
0.0755 0.0537 0.0672 0.0963 0.0324 0.0233 0.0358 0.0040 0.0352 0.0357 
0.0036 0.0137 
0 0 0 0 0 0 0 0 0 0 0 0 
*chr7 6 -1 0 0 -200.373
55 56 57 58 59 60 
0.1566 0.1378 0.0576 0.1586 0.1065 
0 0 0 0 0 
*chr8 6 -1 0 0 -179.468
61 62 63 64 65 66 
0.0132 0.0913 0.1349 0.0552 0.1503 
0 0 0 0 0 
*chr9 7 -1 0 0 -194.112
67 68 69 70 71 72 73 
0.0405 0.0947 0.1114 0.0533 0.1097 0.0668 
0 0 0 0 0 0 
*chr10 5 -1 0 0 -185.157
74 75 76 77 78 
0.1952 0.1367 0.0741 0.1092 
0 0 0 0 
*chr11 6 -1 0 0 -198.605
79 80 81 82 83 84 
0.1307 0.1009 0.1075 0.0351 0.1792 
0 0 0 0 0 
*chr12 6 -1 0 0 -183.318
85 86 87 88 89 90 
0.0581 0.1326 0.0697 0.1122 0.1118 
0 0 0 0 0 
*chr13 12 -1 0 0 -202.550
91 92 93 94 95 96 97 98 99 100 
101 102 
0.0029 0.0913 0.0261 0.0000 0.0553 0.0206 0.0372 0.0127 0.0218 0.0000 
0.0704 
0 0 0 0 0 0 0 0 0 0 0 
*chr14 4 -1 0 0 -133.607
103 104 105 106 
0.1900 0.0814 0.1126 
0 0 0 
*chr15 8 -1 0 0 -174.188
107 108 109 110 111 112 113 114 
0.1180 0.0505 0.0057 0.0435 0.0120 0.0579 0.1043 
0 0 0 0 0 0 0 
*chr16 4 -1 0 0 -120.598
115 116 117 118 
0.1425 0.0862 0.1338 
0 0 0 
*chr17 4 -1 0 0 -125.809
119 120 121 122 
0.1045 0.0530 0.1748 
0 0 0 
*chr18 4 -1 0 0 -111.361
123 124 125 126 
0.0068 0.1391 0.0377 
0 0 0 
*chr19 4 -1 0 0 -110.565
127 128 129 130 
0.1396 0.1403 0.1040 
0 0 0 
*chrx 2 -1 0 0 -91.297
131 132 
0.2856 
0 
*Assignments and Placements:
*D10M44    5 0 -1 0.000000 0.499600 | -1 0.000000 -999.987650 1 0 
*D1M3      5 0 -1 0.000000 0.499600 | -1 0.000000 -999.987650 1 0 
*D1M75     5 0 -1 0.000000 0.499600 | -1 0.000000 -999.987650 1 0 
*D1M215    5 0 -1 0.000000 0.499600 | -1 0.000000 -999.987650 1 0 
*D1M309    5 0 -1 0.000000 0.499600 | -1 0.000000 -999.987650 1 0 
*D1M218    5 0 -1 0.000000 0.499600 | -1 0.000000 -999.987650 1 0 
*D1M451    5 0 -1 0.000000 0.499600 | -1 0.000000 -999.987650 1 0 
*D1M504    5 0 -1 0.000000 0.499600 | -1 0.000000 -999.987650 1 0 
*D1M113    5 0 -1 0.000000 0.499600 | -1 0.000000 -999.987650 1 0 
*D1M355    5 0 -1 0.000000 0.499600 | -1 0.000000 -999.987650 1 0 
*D1M291    5 0 -1 0.000000 0.499600 | -1 0.000000 -999.987650 1 0 
*D1M209    5 0 -1 0.000000 0.499600 | -1 0.000000 -999.987650 1 0 
*D1M155    5 0 -1 0.000000 0.499600 | -1 0.000000 -999.987650 1 0 
*D2M365    5 1 -1 0.000000 0.499600 | -1 0.000000 -999.987650 1 0 
*D2M37     5 1 -1 0.000000 0.499600 | -1 0.000000 -999.987650 1 0 
*D2M396    5 1 -1 0.000000 0.499600 | -1 0.000000 -999.987650 1 0 
*D2M493    5 1 -1 0.000000 0.499600 | -1 0.000000 -999.987650 1 0 
*D2M226    5 1 -1 0.000000 0.499600 | -1 0.000000 -999.987650 1 0 
*D2M148    5 1 -1 0.000000 0.499600 | -1 0.000000 -999.987650 1 0 
*D3M265    5 2 -1 0.000000 0.499600 | -1 0.000000 -999.987650 1 0 
*D3M51     5 2 -1 0.000000 0.499600 | -1 0.000000 -999.987650 1 0 
*D3M106    5 2 -1 0.000000 0.499600 | -1 0.000000 -999.987650 1 0 
*D3M257    5 2 -1 0.000000 0.499600 | -1 0.000000 -999.987650 1 0 
*D3M147    5 2 -1 0.000000 0.499600 | -1 0.000000 -999.987650 1 0 
*D3M19     5 2 -1 0.000000 0.499600 | -1 0.000000 -999.987650 1 0 
*D4M2      5 3 -1 0.000000 0.499600 | -1 0.000000 -999.987650 1 0 
*D4M178    5 3 -1 0.000000 0.499600 | -1 0.000000 -999.987650 1 0 
*D4M187    5 3 -1 0.000000 0.499600 | -1 0.000000 -999.987650 1 0 
*D4M251    5 3 -1 0.000000 0.499600 | -1 0.000000 -999.987650 1 0 
*D5M148    5 4 -1 0.000000 0.499600 | -1 0.000000 -999.987650 1 0 
*D5M232    5 4 -1 0.000000 0.499600 | -1 0.000000 -999.987650 1 0 
*D5M257    5 4 -1 0.000000 0.499600 | -1 0.000000 -999.987650 1 0 
*D5M83     5 4 -1 0.000000 0.499600 | -1 0.000000 -999.987650 1 0 
*D5M307    5 4 -1 0.000000 0.499600 | -1 0.000000 -999.987650 1 0 
*D5M357    5 4 -1 0.000000 0.499600 | -1 0.000000 -999.987650 1 0 
*D5M205    5 4 -1 0.000000 0.499600 | -1 0.000000 -999.987650 1 0 
*D5M398    5 4 -1 0.000000 0.499600 | -1 0.000000 -999.987650 1 0 
*D5M91     5 4 -1 0.000000 0.499600 | -1 0.000000 -999.987650 1 0 
*D5M338    5 4 -1 0.000000 0.499600 | -1 0.000000 -999.987650 1 0 
*D5M188    5 4 -1 0.000000 0.499600 | -1 0.000000 -999.987650 1 0 
*D5M29     5 4 -1 0.000000 0.499600 | -1 0.000000 -999.987650 1 0 
*D5M168    5 4 -1 0.000000 0.499600 | -1 0.000000 -999.987650 1 0 
*D6M223    5 5 -1 0.000000 0.499600 | -1 0.000000 -999.987650 1 0 
*D6M188    5 5 -1 0.000000 0.499600 | -1 0.000000 -999.987650 1 0 
*D6M284    5 5 -1 0.000000 0.499600 | -1 0.000000 -999.987650 1 0 
*D6M39     5 5 -1 0.000000 0.499600 | -1 0.000000 -999.987650 1 0 
*D6M254    5 5 -1 0.000000 0.499600 | -1 0.000000 -999.987650 1 0 
*D6M194    5 5 -1 0.000000 0.499600 | -1 0.000000 -999.987650 1 0 
*D6M290    5 5 -1 0.000000 0.499600 | -1 0.000000 -999.987650 1 0 
*D6M25     5 5 -1 0.000000 0.499600 | -1 0.000000 -999.987650 1 0 
*D6M339    5 5 -1 0.000000 0.499600 | -1 0.000000 -999.987650 1 0 
*D6M59_    5 5 -1 0.000000 0.499600 | -1 0.000000 -999.987650 1 0 
*D6M201    5 5 -1 0.000000 0.499600 | -1 0.000000 -999.987650 1 0 
*D6M15     5 5 -1 0.000000 0.499600 | -1 0.000000 -999.987650 1 0 
*D6M294    5 5 -1 0.000000 0.499600 | -1 0.000000 -999.987650 1 0 
*D7M246    5 6 -1 0.000000 0.499600 | -1 0.000000 -999.987650 1 0 
*D7M145    5 6 -1 0.000000 0.499600 | -1 0.000000 -999.987650 1 0 
*D7M62     5 6 -1 0.000000 0.499600 | -1 0.000000 -999.987650 1 0 
*D7M126    5 6 -1 0.000000 0.499600 | -1 0.000000 -999.987650 1 0 
*D7M105    5 6 -1 0.000000 0.499600 | -1 0.000000 -999.987650 1 0 
*D7M259    5 6 -1 0.000000 0.499600 | -1 0.000000 -999.987650 1 0 
*D8M94     5 7 -1 0.000000 0.499600 | -1 0.000000 -999.987650 1 0 
*D8M339    5 7 -1 0.000000 0.499600 | -1 0.000000 -999.987650 1 0 
*D8M178    5 7 -1 0.000000 0.499600 | -1 0.000000 -999.987650 1 0 
*D8M242    5 7 -1 0.000000 0.499600 | -1 0.000000 -999.987650 1 0 
*D8M213    5 7 -1 0.000000 0.499600 | -1 0.000000 -999.987650 1 0 
*D8M156    5 7 -1 0.000000 0.499600 | -1 0.000000 -999.987650 1 0 
*D9M247    5 8 -1 0.000000 0.499600 | -1 0.000000 -999.987650 1 0 
*D9M328    5 8 -1 0.000000 0.499600 | -1 0.000000 -999.987650 1 0 
*D9M106    5 8 -1 0.000000 0.499600 | -1 0.000000 -999.987650 1 0 
*D9M269    5 8 -1 0.000000 0.499600 | -1 0.000000 -999.987650 1 0 
*D9M346    5 8 -1 0.000000 0.499600 | -1 0.000000 -999.987650 1 0 
*D9M55     5 8 -1 0.000000 0.499600 | -1 0.000000 -999.987650 1 0 
*D9M18     5 8 -1 0.000000 0.499600 | -1 0.000000 -999.987650 1 0 
*D10M298   5 9 -1 0.000000 0.499600 | -1 0.000000 -999.987650 1 0 
*D10M294   5 9 -1 0.000000 0.499600 | -1 0.000000 -999.987650 1 0 
*D10M42_   5 9 -1 0.000000 0.499600 | -1 0.000000 -999.987650 1 0 
*D10M10    5 9 -1 0.000000 0.499600 | -1 0.000000 -999.987650 1 0 
*D10M233   5 9 -1 0.000000 0.499600 | -1 0.000000 -999.987650 1 0 
*D11M78    5 10 -1 0.000000 0.499600 | -1 0.000000 -999.987650 1 0 
*D11M20    5 10 -1 0.000000 0.499600 | -1 0.000000 -999.987650 1 0 
*D11M242   5 10 -1 0.000000 0.499600 | -1 0.000000 -999.987650 1 0 
*D11M356   5 10 -1 0.000000 0.499600 | -1 0.000000 -999.987650 1 0 
*D11M327   5 10 -1 0.000000 0.499600 | -1 0.000000 -999.987650 1 0 
*D11M333   5 10 -1 0.000000 0.499600 | -1 0.000000 -999.987650 1 0 
*D12M105   5 11 -1 0.000000 0.499600 | -1 0.000000 -999.987650 1 0 
*D12M46    5 11 -1 0.000000 0.499600 | -1 0.000000 -999.987650 1 0 
*D12M34    5 11 -1 0.000000 0.499600 | -1 0.000000 -999.987650 1 0 
*D12M5     5 11 -1 0.000000 0.499600 | -1 0.000000 -999.987650 1 0 
*D12M99    5 11 -1 0.000000 0.499600 | -1 0.000000 -999.987650 1 0 
*D12M150   5 11 -1 0.000000 0.499600 | -1 0.000000 -999.987650 1 0 
*D13M59    5 12 -1 0.000000 0.499600 | -1 0.000000 -999.987650 1 0 
*D13M88    5 12 -1 0.000000 0.499600 | -1 0.000000 -999.987650 1 0 
*D13M21    5 12 -1 0.000000 0.499600 | -1 0.000000 -999.987650 1 0 
*D13M39    5 12 -1 0.000000 0.499600 | -1 0.000000 -999.987650 1 0 
*D13M167   5 12 -1 0.000000 0.499600 | -1 0.000000 -999.987650 1 0 
*D13M99    5 12 -1 0.000000 0.499600 | -1 0.000000 -999.987650 1 0 
*D13M233   5 12 -1 0.000000 0.499600 | -1 0.000000 -999.987650 1 0 
*D13M106   5 12 -1 0.000000 0.499600 | -1 0.000000 -999.987650 1 0 
*D13M147   5 12 -1 0.000000 0.499600 | -1 0.000000 -999.987650 1 0 
*D13M226   5 12 -1 0.000000 0.499600 | -1 0.000000 -999.987650 1 0 
*D13M290   5 12 -1 0.000000 0.499600 | -1 0.000000 -999.987650 1 0 
*D13M151   5 12 -1 0.000000 0.499600 | -1 0.000000 -999.987650 1 0 
*D14M14    5 13 -1 0.000000 0.499600 | -1 0.000000 -999.987650 1 0 
*D14M115   5 13 -1 0.000000 0.499600 | -1 0.000000 -999.987650 1 0 
*D14M265   5 13 -1 0.000000 0.499600 | -1 0.000000 -999.987650 1 0 
*D14M266   5 13 -1 0.000000 0.499600 | -1 0.000000 -999.987650 1 0 
*D15M226   5 14 -1 0.000000 0.499600 | -1 0.000000 -999.987650 1 0 
*D15M100   5 14 -1 0.000000 0.499600 | -1 0.000000 -999.987650 1 0 
*D15M209   5 14 -1 0.000000 0.499600 | -1 0.000000 -999.987650 1 0 
*D15M144   5 14 -1 0.000000 0.499600 | -1 0.000000 -999.987650 1 0 
*D15M68    5 14 -1 0.000000 0.499600 | -1 0.000000 -999.987650 1 0 
*D15M239   5 14 -1 0.000000 0.499600 | -1 0.000000 -999.987650 1 0 
*D15M241   5 14 -1 0.000000 0.499600 | -1 0.000000 -999.987650 1 0 
*D15M34    5 14 -1 0.000000 0.499600 | -1 0.000000 -999.987650 1 0 
*D16M154   5 15 -1 0.000000 0.499600 | -1 0.000000 -999.987650 1 0 
*D16M4     5 15 -1 0.000000 0.499600 | -1 0.000000 -999.987650 1 0 
*D16M139   5 15 -1 0.000000 0.499600 | -1 0.000000 -999.987650 1 0 
*D16M86    5 15 -1 0.000000 0.499600 | -1 0.000000 -999.987650 1 0 
*D17M260   5 16 -1 0.000000 0.499600 | -1 0.000000 -999.987650 1 0 
*D17M66    5 16 -1 0.000000 0.499600 | -1 0.000000 -999.987650 1 0 
*D17M88    5 16 -1 0.000000 0.499600 | -1 0.000000 -999.987650 1 0 
*D17M129   5 16 -1 0.000000 0.499600 | -1 0.000000 -999.987650 1 0 
*D18M94    5 17 -1 0.000000 0.499600 | -1 0.000000 -999.987650 1 0 
*D18M58    5 17 -1 0.000000 0.499600 | -1 0.000000 -999.987650 1 0 
*D18M106   5 17 -1 0.000000 0.499600 | -1 0.000000 -999.987650 1 0 
*D18M186   5 17 -1 0.000000 0.499600 | -1 0.000000 -999.987650 1 0 
*D19M68    5 18 -1 0.000000 0.499600 | -1 0.000000 -999.987650 1 0 
*D19M117   5 18 -1 0.000000 0.499600 | -1 0.000000 -999.987650 1 0 
*D19M65    5 18 -1 0.000000 0.499600 | -1 0.000000 -999.987650 1 0 
*D19M10    5 18 -1 0.000000 0.499600 | -1 0.000000 -999.987650 1 0 
*DXM186    5 19 -1 0.000000 0.499600 | -1 0.000000 -999.987650 1 0 
*DXM64     5 19 -1 0.000000 0.499600 | -1 0.000000 -999.987650 1 0 
*MapmakerStatusInfo:
*PrintNames: 0
*Tolerance: 0.001000
*Units: 1
*MapFunc: 0
*DefaultLOD: 3.000000
*DefaultTheta: 0.316060
*UseThreePoint: 1
*TripletLOD: 3.000000
*TripletTheta: 0.316060
*TripletNumLinks: 2
*ThreePointThreshold: 4.000000
*ThreePointWindow: 9
*TripletErrorRate: 0.000000
*NptThreshold: 2.000000
*NptFirstThreshold: 3.000000
*NptWindow: 7
*NptMinIndivs: 1
*NptCodominant: 0
*NptMinTheta: 0.009007
*PrintAllMaps: 0
*UseErrorRate: 0
*ErrorLodThreshold: 1.000000
*ErrorSingleThreshold: 2.000000
*ErrorNetThreshold: 3.000000
*Contexts: 1
*ActiveContext: 0

*Context 1
*SexSpecific: 0
*CompressDNA: 1
*UseNum: 0
*MaxProblemSize: 10000000
*SavedNames: 0
*SequenceHistory: 20
0 D10M44 D1M3 D1M75 D1M215 D1M309 D1M218 D1M451 D1M504 D1M113 D1M355 D1M291 D1M209 D1M155
1 D2M365 D2M37 D2M396 D2M493 D2M226 D2M148
2 D3M265 D3M51 D3M106 D3M257 D3M147 D3M19
3 D4M2 D4M178 D4M187 D4M251
4 D5M148 D5M232 D5M257 D5M83 D5M307 D5M357 D5M205 D5M398 D5M91 D5M338 D5M188 D5M29 D5M168
5 D6M223 D6M188 D6M284 D6M39 D6M254 D6M194 D6M290 D6M25 D6M339 D6M59_ D6M201 D6M15 D6M294
6 D7M246 D7M145 D7M62 D7M126 D7M105 D7M259
7 D8M94 D8M339 D8M178 D8M242 D8M213 D8M156
8 D9M247 D9M328 D9M106 D9M269 D9M346 D9M55 D9M18
9 D10M298 D10M294 D10M42_ D10M10 D10M233
10 D11M78 D11M20 D11M242 D11M356 D11M327 D11M333
11 D12M105 D12M46 D12M34 D12M5 D12M99 D12M150
12 D13M59 D13M88 D13M21 D13M39 D13M167 D13M99 D13M233 D13M106 D13M147 D13M226 D13M290 D13M151
13 D14M14 D14M115 D14M265 D14M266
14 D15M226 D15M100 D15M209 D15M144 D15M68 D15M239 D15M241 D15M34
15 D16M154 D16M4 D16M139 D16M86
16 D17M260 D17M66 D17M88 D17M129
17 D18M94 D18M58 D18M106 D18M186
18 D19M68 D19M117 D19M65 D19M10
19 DXM186 DXM64
